0 0.4906 0.3667 0.3188 0.7278
2 0.1016 0.225 0.125 0.4444
2 0.043 0.4972 0.0859 0.3278
2 0.7234 0.1694 0.2469 0.3333
2 0.3438 0.7667 0.1219 0.3889
0 0.2547 0.4694 0.25 0.3333
1 0.0086 0.7472 0.0172 0.2444
1 0.1734 0.2056 0.0875 0.1556
1 0.1797 0.3361 0.1312 0.2333
3 0.4203 0.2167 0.0812 0.1444
0 0.1 0.6194 0.1406 0.1
0 0.2594 0.1806 0.2 0.3556
3 0.4969 0.475 0.0688 0.1222
2 0.5766 0.2139 0.1438 0.2944
1 0.1 0.0889 0.0969 0.1722
2 0.1797 0.8861 0.125 0.2111
2 0.9281 0.3417 0.1406 0.4778