0 0.5344 0.3667 0.3188 0.7278
2 0.1453 0.225 0.125 0.4444
2 0.0648 0.4972 0.1297 0.3278
2 0.7672 0.1694 0.2469 0.3333
2 0.3875 0.7667 0.1219 0.3889
0 0.2984 0.4694 0.25 0.3333
1 0.0305 0.7472 0.0609 0.2444
1 0.2172 0.2056 0.0875 0.1556
1 0.2234 0.3361 0.1312 0.2333
3 0.4641 0.2167 0.0812 0.1444
0 0.1438 0.6194 0.1406 0.1
0 0.0133 0.1361 0.0266 0.2667
0 0.3031 0.1806 0.2 0.3556
3 0.5406 0.475 0.0688 0.1222
2 0.6203 0.2139 0.1438 0.2944
1 0.1438 0.0889 0.0969 0.1722
2 0.2234 0.8861 0.125 0.2111
2 0.9508 0.3417 0.0984 0.4778