0 0.5781 0.3667 0.3188 0.7278
2 0.1891 0.225 0.125 0.4444
2 0.0867 0.4972 0.1734 0.3278
2 0.8109 0.1694 0.2469 0.3333
2 0.4312 0.7667 0.1219 0.3889
0 0.3422 0.4694 0.25 0.3333
1 0.0523 0.7472 0.1047 0.2444
1 0.2609 0.2056 0.0875 0.1556
1 0.2672 0.3361 0.1312 0.2333
1 0.0039 0.0861 0.0078 0.1667
3 0.5078 0.2167 0.0812 0.1444
0 0.1875 0.6194 0.1406 0.1
0 0.0352 0.1361 0.0703 0.2667
0 0.3469 0.1806 0.2 0.3556
0 0.0133 0.4861 0.0266 0.1389
3 0.5844 0.475 0.0688 0.1222
2 0.6641 0.2139 0.1438 0.2944
1 0.1875 0.0889 0.0969 0.1722
2 0.2672 0.8861 0.125 0.2111
2 0.9727 0.3417 0.0547 0.4778