0 0.6656 0.3667 0.3188 0.7278
2 0.2766 0.225 0.125 0.4444
2 0.1305 0.4972 0.2609 0.3278
2 0.8875 0.1694 0.225 0.3333
2 0.0242 0.7333 0.0484 0.5278
2 0.5188 0.7667 0.1219 0.3889
0 0.4297 0.4694 0.25 0.3333
1 0.1234 0.7472 0.1375 0.2444
1 0.3484 0.2056 0.0875 0.1556
0 0.0008 0.4889 0.0016 0.1667
1 0.3547 0.3361 0.1312 0.2333
1 0.0094 0.6222 0.0188 0.1611
1 0.0484 0.0861 0.0938 0.1667
3 0.5953 0.2167 0.0812 0.1444
0 0.275 0.6194 0.1406 0.1
0 0.1203 0.1361 0.075 0.2667
0 0.4344 0.1806 0.2 0.3556
0 0.057 0.4861 0.1141 0.1389
3 0.6719 0.475 0.0688 0.1222
2 0.7516 0.2139 0.1438 0.2944
2 0.0156 0.3444 0.0312 0.1778
0 0.0453 0.6361 0.0844 0.1611
1 0.275 0.0889 0.0969 0.1722
2 0.3547 0.8861 0.125 0.2111