0 0.7531 0.3667 0.3188 0.7278
2 0.3641 0.225 0.125 0.4444
2 0.2094 0.4972 0.2781 0.3278
2 0.9312 0.1694 0.1375 0.3333
2 0.068 0.7333 0.1359 0.5278
2 0.6062 0.7667 0.1219 0.3889
0 0.5172 0.4694 0.25 0.3333
1 0.2109 0.7472 0.1375 0.2444
1 0.4359 0.2056 0.0875 0.1556
0 0.05 0.4889 0.0781 0.1667
1 0.4422 0.3361 0.1312 0.2333
1 0.0086 0.3444 0.0172 0.1556
1 0.0609 0.6222 0.0906 0.1611
1 0.1359 0.0861 0.0938 0.1667
3 0.0117 0.75 0.0234 0.1556
3 0.6828 0.2167 0.0812 0.1444
0 0.3625 0.6194 0.1406 0.1
0 0.2078 0.1361 0.075 0.2667
0 0.5219 0.1806 0.2 0.3556
0 0.125 0.4861 0.1531 0.1389
3 0.7594 0.475 0.0688 0.1222
2 0.8391 0.2139 0.1438 0.2944
2 0.0594 0.3444 0.1188 0.1778
0 0.1328 0.6361 0.0844 0.1611
1 0.3625 0.0889 0.0969 0.1722
2 0.4422 0.8861 0.125 0.2111