0 0.8844 0.3667 0.2312 0.7278
2 0.5391 0.225 0.125 0.4444
2 0.3844 0.4972 0.2781 0.3278
2 0.0406 0.8 0.0812 0.3944
2 0.2297 0.7333 0.1625 0.5278
2 0.7812 0.7667 0.1219 0.3889
2 0.0664 0.6139 0.1328 0.2778
0 0.6922 0.4694 0.25 0.3333
3 0.0641 0.4806 0.0938 0.1667
1 0.3859 0.7472 0.1375 0.2444
1 0.6109 0.2056 0.0875 0.1556
0 0.225 0.4889 0.0781 0.1667
1 0.6172 0.3361 0.1312 0.2333
1 0.1484 0.3444 0.0875 0.1556
1 0.2359 0.6222 0.0906 0.1611
1 0.3109 0.0861 0.0938 0.1667
3 0.1547 0.75 0.0875 0.1556
3 0.8578 0.2167 0.0812 0.1444
0 0.5375 0.6194 0.1406 0.1
0 0.3828 0.1361 0.075 0.2667
0 0.6969 0.1806 0.2 0.3556
0 0.3 0.4861 0.1531 0.1389
3 0.9344 0.475 0.0688 0.1222
2 0.9711 0.2139 0.0578 0.2944
2 0.2297 0.3444 0.1281 0.1778
0 0.3078 0.6361 0.0844 0.1611
1 0.5375 0.0889 0.0969 0.1722
2 0.6172 0.8861 0.125 0.2111