0 0.9719 0.3667 0.0562 0.7278
0 0.0141 0.5 0.0281 0.2444
2 0.7141 0.225 0.125 0.4444
2 0.5594 0.4972 0.2781 0.3278
2 0.1625 0.8 0.1875 0.3944
2 0.4047 0.7333 0.1625 0.5278
2 0.9477 0.7667 0.1047 0.3889
2 0.175 0.6139 0.2656 0.2778
0 0.8672 0.4694 0.25 0.3333
3 0.2391 0.4806 0.0938 0.1667
1 0.5609 0.7472 0.1375 0.2444
1 0.7859 0.2056 0.0875 0.1556
0 0.4 0.4889 0.0781 0.1667
1 0.7922 0.3361 0.1312 0.2333
1 0.3234 0.3444 0.0875 0.1556
0 0.0258 0.1389 0.0516 0.2722
1 0.4109 0.6222 0.0906 0.1611
1 0.4859 0.0861 0.0938 0.1667
3 0.3297 0.75 0.0875 0.1556
3 0.9961 0.2167 0.0078 0.1444
0 0.7125 0.6194 0.1406 0.1
0 0.5578 0.1361 0.075 0.2667
0 0.8719 0.1806 0.2 0.3556
0 0.475 0.4861 0.1531 0.1389
2 0.4047 0.3444 0.1281 0.1778
0 0.4828 0.6361 0.0844 0.1611
1 0.7125 0.0889 0.0969 0.1722
2 0.7922 0.8861 0.125 0.2111