0 0.0578 0.5 0.1156 0.2444
1 0.0359 0.3583 0.0719 0.1944
2 0.8016 0.225 0.125 0.4444
2 0.6469 0.4972 0.2781 0.3278
2 0.25 0.8 0.1875 0.3944
2 0.4922 0.7333 0.1625 0.5278
2 0.9914 0.7667 0.0172 0.3889
2 0.2625 0.6139 0.2656 0.2778
0 0.9148 0.4694 0.1703 0.3333
3 0.3266 0.4806 0.0938 0.1667
1 0.6484 0.7472 0.1375 0.2444
0 0.007 0.3333 0.0141 0.15
1 0.8734 0.2056 0.0875 0.1556
0 0.4875 0.4889 0.0781 0.1667
1 0.8797 0.3361 0.1312 0.2333
1 0.4109 0.3444 0.0875 0.1556
0 0.0922 0.1389 0.0938 0.2722
1 0.4984 0.6222 0.0906 0.1611
1 0.5734 0.0861 0.0938 0.1667
3 0.4172 0.75 0.0875 0.1556
0 0.8 0.6194 0.1406 0.1
0 0.6453 0.1361 0.075 0.2667
0 0.9297 0.1806 0.1406 0.3556
0 0.5625 0.4861 0.1531 0.1389
2 0.4922 0.3444 0.1281 0.1778
0 0.5703 0.6361 0.0844 0.1611
1 0.8 0.0889 0.0969 0.1722
2 0.8797 0.8861 0.125 0.2111