0 0.0797 0.5 0.1594 0.2444
1 0.0609 0.3583 0.1094 0.1944
2 0.8453 0.225 0.125 0.4444
2 0.6906 0.4972 0.2781 0.3278
2 0.2938 0.8 0.1875 0.3944
2 0.5359 0.7333 0.1625 0.5278
2 0.3062 0.6139 0.2656 0.2778
0 0.9367 0.4694 0.1266 0.3333
3 0.3703 0.4806 0.0938 0.1667
1 0.6922 0.7472 0.1375 0.2444
0 0.0289 0.3333 0.0578 0.15
1 0.9172 0.2056 0.0875 0.1556
0 0.5312 0.4889 0.0781 0.1667
1 0.9234 0.3361 0.1312 0.2333
1 0.4547 0.3444 0.0875 0.1556
0 0.1359 0.1389 0.0938 0.2722
1 0.5422 0.6222 0.0906 0.1611
1 0.6172 0.0861 0.0938 0.1667
3 0.4609 0.75 0.0875 0.1556
0 0.8438 0.6194 0.1406 0.1
0 0.6891 0.1361 0.075 0.2667
0 0.9516 0.1806 0.0969 0.3556
0 0.6062 0.4861 0.1531 0.1389
2 0.5359 0.3444 0.1281 0.1778
3 0.007 0.9167 0.0141 0.1056
0 0.6141 0.6361 0.0844 0.1611
1 0.8438 0.0889 0.0969 0.1722
2 0.9234 0.8861 0.125 0.2111