0 0.1188 0.5 0.1688 0.2444
1 0.1047 0.3583 0.1094 0.1944
2 0.8891 0.225 0.125 0.4444
2 0.7344 0.4972 0.2781 0.3278
2 0.3375 0.8 0.1875 0.3944
2 0.5797 0.7333 0.1625 0.5278
2 0.35 0.6139 0.2656 0.2778
0 0.9586 0.4694 0.0828 0.3333
3 0.4141 0.4806 0.0938 0.1667
1 0.7359 0.7472 0.1375 0.2444
0 0.0508 0.3333 0.1016 0.15
1 0.9586 0.2056 0.0828 0.1556
0 0.575 0.4889 0.0781 0.1667
1 0.9508 0.3361 0.0984 0.2333
1 0.4984 0.3444 0.0875 0.1556
0 0.1797 0.1389 0.0938 0.2722
1 0.5859 0.6222 0.0906 0.1611
2 0.0125 0.5028 0.025 0.25
1 0.6609 0.0861 0.0938 0.1667
3 0.5047 0.75 0.0875 0.1556
0 0.8875 0.6194 0.1406 0.1
0 0.7328 0.1361 0.075 0.2667
0 0.9734 0.1806 0.0531 0.3556
0 0.65 0.4861 0.1531 0.1389
2 0.5797 0.3444 0.1281 0.1778
3 0.0289 0.9167 0.0578 0.1056
0 0.6578 0.6361 0.0844 0.1611
1 0.8875 0.0889 0.0969 0.1722
2 0.9523 0.8861 0.0953 0.2111