0 0.2062 0.5 0.1688 0.2444
1 0.1922 0.3583 0.1094 0.1944
2 0.957 0.225 0.0859 0.4444
2 0.8219 0.4972 0.2781 0.3278
2 0.425 0.8 0.1875 0.3944
2 0.6672 0.7333 0.1625 0.5278
2 0.4375 0.6139 0.2656 0.2778
2 0.0242 0.2028 0.0484 0.4
3 0.5016 0.4806 0.0938 0.1667
1 0.8234 0.7472 0.1375 0.2444
0 0.1109 0.3333 0.1562 0.15
0 0.6625 0.4889 0.0781 0.1667
1 0.9945 0.3361 0.0109 0.2333
1 0.5859 0.3444 0.0875 0.1556
1 0.0102 0.8889 0.0203 0.2167
0 0.2672 0.1389 0.0938 0.2722
1 0.6734 0.6222 0.0906 0.1611
2 0.0562 0.5028 0.1125 0.25
1 0.7484 0.0861 0.0938 0.1667
3 0.5922 0.75 0.0875 0.1556
0 0.9523 0.6194 0.0953 0.1
0 0.8203 0.1361 0.075 0.2667
0 0.7375 0.4861 0.1531 0.1389
2 0.6672 0.3444 0.1281 0.1778
3 0.1156 0.9167 0.0594 0.1056
0 0.7453 0.6361 0.0844 0.1611
1 0.9633 0.0889 0.0734 0.1722
2 0.9961 0.8861 0.0078 0.2111