0 0.25 0.5 0.1688 0.2444
1 0.2359 0.3583 0.1094 0.1944
2 0.9789 0.225 0.0422 0.4444
2 0.8633 0.4972 0.2734 0.3278
2 0.4688 0.8 0.1875 0.3944
2 0.7109 0.7333 0.1625 0.5278
2 0.4812 0.6139 0.2656 0.2778
2 0.0461 0.2028 0.0922 0.4
3 0.5453 0.4806 0.0938 0.1667
1 0.8672 0.7472 0.1375 0.2444
0 0.1547 0.3333 0.1562 0.15
0 0.7062 0.4889 0.0781 0.1667
1 0.6297 0.3444 0.0875 0.1556
1 0.032 0.8889 0.0641 0.2167
0 0.3109 0.1389 0.0938 0.2722
1 0.7172 0.6222 0.0906 0.1611
2 0.0828 0.5028 0.1469 0.25
1 0.7922 0.0861 0.0938 0.1667
3 0.6359 0.75 0.0875 0.1556
0 0.9742 0.6194 0.0516 0.1
0 0.8641 0.1361 0.075 0.2667
0 0.7812 0.4861 0.1531 0.1389
2 0.7109 0.3444 0.1281 0.1778
3 0.1594 0.9167 0.0594 0.1056
0 0.7891 0.6361 0.0844 0.1611
1 0.9852 0.0889 0.0297 0.1722