0 0.2938 0.5 0.1688 0.2444
1 0.2797 0.3583 0.1094 0.1944
2 0.8852 0.4972 0.2297 0.3278
2 0.5125 0.8 0.1875 0.3944
2 0.7547 0.7333 0.1625 0.5278
1 0.0125 0.8861 0.025 0.2222
2 0.525 0.6139 0.2656 0.2778
2 0.068 0.2028 0.1359 0.4
3 0.5891 0.4806 0.0938 0.1667
1 0.9109 0.7472 0.1375 0.2444
0 0.1984 0.3333 0.1562 0.15
0 0.75 0.4889 0.0781 0.1667
1 0.6734 0.3444 0.0875 0.1556
1 0.0539 0.8889 0.1078 0.2167
0 0.3547 0.1389 0.0938 0.2722
1 0.7609 0.6222 0.0906 0.1611
2 0.1266 0.5028 0.1469 0.25
1 0.8359 0.0861 0.0938 0.1667
3 0.6797 0.75 0.0875 0.1556
0 0.9961 0.6194 0.0078 0.1
0 0.9078 0.1361 0.075 0.2667
0 0.825 0.4861 0.1531 0.1389
2 0.7547 0.3444 0.1281 0.1778
3 0.2031 0.9167 0.0594 0.1056
0 0.8328 0.6361 0.0844 0.1611