0 0.3375 0.5 0.1688 0.2444
1 0.3234 0.3583 0.1094 0.1944
2 0.907 0.4972 0.1859 0.3278
2 0.5562 0.8 0.1875 0.3944
2 0.7984 0.7333 0.1625 0.5278
1 0.0344 0.8861 0.0688 0.2222
2 0.5688 0.6139 0.2656 0.2778
2 0.0938 0.2028 0.1719 0.4
3 0.6328 0.4806 0.0938 0.1667
1 0.943 0.7472 0.1141 0.2444
0 0.2422 0.3333 0.1562 0.15
0 0.7938 0.4889 0.0781 0.1667
1 0.7172 0.3444 0.0875 0.1556
1 0.0906 0.8889 0.1219 0.2167
0 0.3984 0.1389 0.0938 0.2722
1 0.8047 0.6222 0.0906 0.1611
2 0.1703 0.5028 0.1469 0.25
1 0.8797 0.0861 0.0938 0.1667
3 0.7234 0.75 0.0875 0.1556
0 0.9516 0.1361 0.075 0.2667
0 0.8688 0.4861 0.1531 0.1389
2 0.7984 0.3444 0.1281 0.1778
3 0.2469 0.9167 0.0594 0.1056
0 0.8766 0.6361 0.0844 0.1611