0 0.3812 0.5 0.1688 0.2444
1 0.3672 0.3583 0.1094 0.1944
2 0.9289 0.4972 0.1422 0.3278
2 0.6 0.8 0.1875 0.3944
2 0.8422 0.7333 0.1625 0.5278
1 0.0562 0.8861 0.1125 0.2222
2 0.6125 0.6139 0.2656 0.2778
2 0.1375 0.2028 0.1719 0.4
3 0.6766 0.4806 0.0938 0.1667
1 0.9648 0.7472 0.0703 0.2444
0 0.2859 0.3333 0.1562 0.15
0 0.8375 0.4889 0.0781 0.1667
1 0.7609 0.3444 0.0875 0.1556
1 0.1344 0.8889 0.1219 0.2167
0 0.4422 0.1389 0.0938 0.2722
1 0.8484 0.6222 0.0906 0.1611
2 0.2141 0.5028 0.1469 0.25
1 0.9234 0.0861 0.0938 0.1667
3 0.7672 0.75 0.0875 0.1556
0 0.9789 0.1361 0.0422 0.2667
0 0.9125 0.4861 0.1531 0.1389
2 0.8422 0.3444 0.1281 0.1778
3 0.2906 0.9167 0.0594 0.1056
0 0.9203 0.6361 0.0844 0.1611