0 0.425 0.5 0.1688 0.2444
1 0.4109 0.3583 0.1094 0.1944
2 0.9508 0.4972 0.0984 0.3278
2 0.6438 0.8 0.1875 0.3944
2 0.8859 0.7333 0.1625 0.5278
1 0.0938 0.8861 0.125 0.2222
2 0.6562 0.6139 0.2656 0.2778
2 0.1812 0.2028 0.1719 0.4
3 0.7203 0.4806 0.0938 0.1667
1 0.9867 0.7472 0.0266 0.2444
0 0.3297 0.3333 0.1562 0.15
0 0.8812 0.4889 0.0781 0.1667
1 0.8047 0.3444 0.0875 0.1556
1 0.1781 0.8889 0.1219 0.2167
0 0.4859 0.1389 0.0938 0.2722
1 0.8922 0.6222 0.0906 0.1611
2 0.2578 0.5028 0.1469 0.25
1 0.9602 0.0861 0.0797 0.1667
3 0.8109 0.75 0.0875 0.1556
0 0.9398 0.4861 0.1203 0.1389
2 0.8859 0.3444 0.1281 0.1778
3 0.3344 0.9167 0.0594 0.1056
0 0.9609 0.6361 0.0781 0.1611