0 0.4688 0.5 0.1688 0.2444
1 0.4547 0.3583 0.1094 0.1944
2 0.9727 0.4972 0.0547 0.3278
2 0.6875 0.8 0.1875 0.3944
2 0.9242 0.7333 0.1516 0.5278
1 0.1375 0.8861 0.125 0.2222
2 0.7 0.6139 0.2656 0.2778
2 0.225 0.2028 0.1719 0.4
3 0.7641 0.4806 0.0938 0.1667
0 0.3734 0.3333 0.1562 0.15
0 0.925 0.4889 0.0781 0.1667
1 0.8484 0.3444 0.0875 0.1556
1 0.2219 0.8889 0.1219 0.2167
3 0.0148 0.0861 0.0297 0.1056
0 0.5297 0.1389 0.0938 0.2722
1 0.9359 0.6222 0.0906 0.1611
2 0.3016 0.5028 0.1469 0.25
1 0.982 0.0861 0.0359 0.1667
3 0.8547 0.75 0.0875 0.1556
0 0.9617 0.4861 0.0766 0.1389
2 0.9297 0.3444 0.1281 0.1778
3 0.3781 0.9167 0.0594 0.1056
0 0.9828 0.6361 0.0344 0.1611