1 0.0391 0.7556 0.0781 0.2611
0 0.5562 0.5 0.1688 0.2444
1 0.5422 0.3583 0.1094 0.1944
2 0.775 0.8 0.1875 0.3944
2 0.968 0.7333 0.0641 0.5278
1 0.225 0.8861 0.125 0.2222
2 0.7875 0.6139 0.2656 0.2778
2 0.3125 0.2028 0.1719 0.4
3 0.8516 0.4806 0.0938 0.1667
0 0.4609 0.3333 0.1562 0.15
0 0.9867 0.4889 0.0266 0.1667
2 0.0266 0.4694 0.0531 0.4
1 0.9359 0.3444 0.0875 0.1556
1 0.3094 0.8889 0.1219 0.2167
3 0.0875 0.0861 0.0594 0.1056
0 0.6172 0.1389 0.0938 0.2722
1 0.9891 0.6222 0.0219 0.1611
2 0.3891 0.5028 0.1469 0.25
3 0.9422 0.75 0.0875 0.1556
1 0.0312 0.2028 0.0625 0.1944
2 0.0266 0.8417 0.0531 0.3111
2 0.9766 0.3444 0.0469 0.1778
3 0.4656 0.9167 0.0594 0.1056