1 0.0609 0.7556 0.1219 0.2611
0 0.6 0.5 0.1688 0.2444
1 0.5859 0.3583 0.1094 0.1944
2 0.8188 0.8 0.1875 0.3944
2 0.9898 0.7333 0.0203 0.5278
1 0.2688 0.8861 0.125 0.2222
2 0.8312 0.6139 0.2656 0.2778
2 0.3562 0.2028 0.1719 0.4
3 0.8953 0.4806 0.0938 0.1667
0 0.0031 0.2361 0.0062 0.4667
0 0.5047 0.3333 0.1562 0.15
2 0.0484 0.4694 0.0969 0.4
1 0.968 0.3444 0.0641 0.1556
1 0.3531 0.8889 0.1219 0.2167
3 0.1312 0.0861 0.0594 0.1056
0 0.6609 0.1389 0.0938 0.2722
1 0.0062 0.75 0.0125 0.1667
2 0.4328 0.5028 0.1469 0.25
3 0.9711 0.75 0.0578 0.1556
1 0.0531 0.2028 0.1062 0.1944
2 0.0484 0.8417 0.0969 0.3111
2 0.9984 0.3444 0.0031 0.1778
3 0.5094 0.9167 0.0594 0.1056