1 0.0922 0.7556 0.1469 0.2611
0 0.6438 0.5 0.1688 0.2444
1 0.6297 0.3583 0.1094 0.1944
2 0.8625 0.8 0.1875 0.3944
1 0.3125 0.8861 0.125 0.2222
2 0.8711 0.6139 0.2578 0.2778
2 0.4 0.2028 0.1719 0.4
3 0.9391 0.4806 0.0938 0.1667
0 0.025 0.2361 0.05 0.4667
0 0.5484 0.3333 0.1562 0.15
2 0.0844 0.4694 0.1125 0.4
1 0.9898 0.3444 0.0203 0.1556
1 0.3969 0.8889 0.1219 0.2167
3 0.175 0.0861 0.0594 0.1056
0 0.7047 0.1389 0.0938 0.2722
1 0.0281 0.75 0.0562 0.1667
2 0.4766 0.5028 0.1469 0.25
3 0.993 0.75 0.0141 0.1556
1 0.0953 0.2028 0.1094 0.1944
2 0.0703 0.8417 0.1406 0.3111
3 0.5531 0.9167 0.0594 0.1056