1 0.1359 0.7556 0.1469 0.2611
0 0.6875 0.5 0.1688 0.2444
1 0.6734 0.3583 0.1094 0.1944
3 0.0133 0.3389 0.0266 0.1611
2 0.9062 0.8 0.1875 0.3944
1 0.3562 0.8861 0.125 0.2222
2 0.893 0.6139 0.2141 0.2778
2 0.4438 0.2028 0.1719 0.4
3 0.968 0.4806 0.0641 0.1667
0 0.0469 0.2361 0.0938 0.4667
0 0.5922 0.3333 0.1562 0.15
2 0.1281 0.4694 0.1125 0.4
1 0.4406 0.8889 0.1219 0.2167
3 0.2188 0.0861 0.0594 0.1056
0 0.7484 0.1389 0.0938 0.2722
1 0.0531 0.75 0.0938 0.1667
2 0.5203 0.5028 0.1469 0.25
1 0.1391 0.2028 0.1094 0.1944
2 0.0922 0.8417 0.1844 0.3111
3 0.5969 0.9167 0.0594 0.1056