1 0.1797 0.7556 0.1469 0.2611
0 0.7312 0.5 0.1688 0.2444
1 0.7172 0.3583 0.1094 0.1944
3 0.0352 0.3389 0.0703 0.1611
2 0.9281 0.8 0.1438 0.3944
1 0.4 0.8861 0.125 0.2222
2 0.9148 0.6139 0.1703 0.2778
2 0.4875 0.2028 0.1719 0.4
3 0.9898 0.4806 0.0203 0.1667
1 0.0055 0.1306 0.0109 0.2556
0 0.0688 0.2361 0.1375 0.4667
0 0.6359 0.3333 0.1562 0.15
2 0.1719 0.4694 0.1125 0.4
1 0.4844 0.8889 0.1219 0.2167
3 0.2625 0.0861 0.0594 0.1056
0 0.7922 0.1389 0.0938 0.2722
1 0.0969 0.75 0.0938 0.1667
2 0.5641 0.5028 0.1469 0.25
1 0.1828 0.2028 0.1094 0.1944
2 0.1141 0.8417 0.2281 0.3111
3 0.6406 0.9167 0.0594 0.1056