1 0.2672 0.7556 0.1469 0.2611
0 0.8188 0.5 0.1688 0.2444
1 0.8047 0.3583 0.1094 0.1944
3 0.1125 0.3389 0.0906 0.1611
2 0.9719 0.8 0.0562 0.3944
1 0.4875 0.8861 0.125 0.2222
2 0.9586 0.6139 0.0828 0.2778
2 0.575 0.2028 0.1719 0.4
1 0.0492 0.1306 0.0984 0.2556
0 0.1125 0.2361 0.225 0.4667
0 0.7234 0.3333 0.1562 0.15
3 0.0359 0.7667 0.0719 0.1556
2 0.2594 0.4694 0.1125 0.4
1 0.5719 0.8889 0.1219 0.2167
3 0.35 0.0861 0.0594 0.1056
0 0.8797 0.1389 0.0938 0.2722
1 0.1844 0.75 0.0938 0.1667
2 0.6516 0.5028 0.1469 0.25
1 0.2703 0.2028 0.1094 0.1944
2 0.1922 0.8417 0.2469 0.3111
0 0.0344 0.9 0.0688 0.1611
3 0.7281 0.9167 0.0594 0.1056