1 0.4422 0.7556 0.1469 0.2611
0 0.9547 0.5 0.0906 0.2444
1 0.9625 0.3583 0.075 0.1944
3 0.2875 0.3389 0.0906 0.1611
1 0.6625 0.8861 0.125 0.2222
2 0.75 0.2028 0.1719 0.4
1 0.2016 0.1306 0.1438 0.2556
0 0.2766 0.2361 0.2469 0.4667
0 0.8984 0.3333 0.1562 0.15
3 0.2031 0.7667 0.0875 0.1556
2 0.4344 0.4694 0.1125 0.4
1 0.7469 0.8889 0.1219 0.2167
3 0.525 0.0861 0.0594 0.1056
1 0.3594 0.75 0.0938 0.1667
2 0.8266 0.5028 0.1469 0.25
1 0.4453 0.2028 0.1094 0.1944
0 0.05 0.4889 0.1 0.1889
2 0.3672 0.8417 0.2469 0.3111
0 0.1984 0.9 0.0906 0.1611
3 0.9031 0.9167 0.0594 0.1056