1 0.5734 0.7556 0.1469 0.2611
3 0.4188 0.3389 0.0906 0.1611
1 0.7938 0.8861 0.125 0.2222
2 0.8812 0.2028 0.1719 0.4
1 0.3328 0.1306 0.1438 0.2556
0 0.4078 0.2361 0.2469 0.4667
0 0.9758 0.3333 0.0484 0.15
3 0.3344 0.7667 0.0875 0.1556
2 0.5656 0.4694 0.1125 0.4
1 0.8781 0.8889 0.1219 0.2167
3 0.6562 0.0861 0.0594 0.1056
1 0.4906 0.75 0.0938 0.1667
2 0.9422 0.5028 0.1156 0.25
1 0.5766 0.2028 0.1094 0.1944
0 0.1766 0.4889 0.1094 0.1889
2 0.4984 0.8417 0.2469 0.3111
0 0.3297 0.9 0.0906 0.1611