2 0.6453 0.75 0.1281 0.1667
2 0.0023 0.625 0.0047 0.3
0 0.9531 0.9111 0.0938 0.1722
1 0.8781 0.8778 0.1344 0.2389
2 0.725 0.1972 0.0844 0.3889
2 0.2562 0.7583 0.2125 0.4056
0 0.25 0.6306 0.0688 0.1278
1 0.9508 0.4944 0.0984 0.1889
0 0.1734 0.2083 0.2 0.2944
3 0.0336 0.6167 0.0672 0.1611
2 0.9078 0.1417 0.1844 0.2778
0 0.9852 0.1167 0.0297 0.2278
2 0.2688 0.4889 0.1406 0.2833
3 0.9992 0.4889 0.0016 0.1278
1 0.8781 0.3556 0.0938 0.1667
2 0.3328 0.6139 0.1594 0.2167
0 0.6516 0.6194 0.1344 0.2111