2 0.7328 0.75 0.1281 0.1667
2 0.0461 0.625 0.0922 0.3
0 0.9969 0.9111 0.0062 0.1722
1 0.9492 0.8778 0.1016 0.2389
0 0.0078 0.7528 0.0156 0.2167
2 0.8125 0.1972 0.0844 0.3889
2 0.3438 0.7583 0.2125 0.4056
0 0.3375 0.6306 0.0688 0.1278
1 0.0148 0.8778 0.0297 0.2389
1 0.9945 0.4944 0.0109 0.1889
0 0.2609 0.2083 0.2 0.2944
3 0.1094 0.6167 0.0906 0.1611
2 0.9516 0.1417 0.0969 0.2778
2 0.3562 0.4889 0.1406 0.2833
1 0.9594 0.3556 0.0812 0.1667
2 0.4203 0.6139 0.1594 0.2167
0 0.7391 0.6194 0.1344 0.2111
3 0.0359 0.075 0.0719 0.1444