2 0.7766 0.75 0.1281 0.1667
2 0.0828 0.625 0.1062 0.3
1 0.9711 0.8778 0.0578 0.2389
0 0.0297 0.7528 0.0594 0.2167
0 0.0203 0.2028 0.0406 0.1611
2 0.8562 0.1972 0.0844 0.3889
2 0.3875 0.7583 0.2125 0.4056
0 0.3812 0.6306 0.0688 0.1278
1 0.0367 0.8778 0.0734 0.2389
0 0.3047 0.2083 0.2 0.2944
3 0.1531 0.6167 0.0906 0.1611
2 0.9734 0.1417 0.0531 0.2778
2 0.4 0.4889 0.1406 0.2833
1 0.9812 0.3556 0.0375 0.1667
2 0.4641 0.6139 0.1594 0.2167
0 0.7828 0.6194 0.1344 0.2111
3 0.075 0.075 0.0812 0.1444