1 0.0125 0.2083 0.025 0.1833
2 0.8203 0.75 0.1281 0.1667
2 0.1266 0.625 0.1062 0.3
1 0.993 0.8778 0.0141 0.2389
0 0.0516 0.7528 0.1031 0.2167
0 0.0422 0.2028 0.0844 0.1611
2 0.9 0.1972 0.0844 0.3889
2 0.4312 0.7583 0.2125 0.4056
0 0.425 0.6306 0.0688 0.1278
1 0.0586 0.8778 0.1172 0.2389
0 0.3484 0.2083 0.2 0.2944
3 0.1969 0.6167 0.0906 0.1611
2 0.9953 0.1417 0.0094 0.2778
2 0.4438 0.4889 0.1406 0.2833
1 0.0133 0.0944 0.0266 0.1833
2 0.5078 0.6139 0.1594 0.2167
0 0.8266 0.6194 0.1344 0.2111
0 0.0016 0.3444 0.0031 0.1944
3 0.1188 0.075 0.0812 0.1444