1 0.3672 0.2083 0.1031 0.1833
2 0.5203 0.625 0.1062 0.3
0 0.4328 0.7528 0.1281 0.2167
0 0.4359 0.2028 0.0844 0.1611
2 0.825 0.7583 0.2125 0.4056
0 0.8188 0.6306 0.0688 0.1278
1 0.4438 0.8778 0.1344 0.2389
1 0.0211 0.3306 0.0422 0.2389
0 0.7422 0.2083 0.2 0.2944
2 0.0867 0.3639 0.1734 0.2278
3 0.5906 0.6167 0.0906 0.1611
2 0.8375 0.4889 0.1406 0.2833
1 0.3688 0.0944 0.1031 0.1833
2 0.9016 0.6139 0.1594 0.2167
2 0.1156 0.3472 0.1375 0.4833
0 0.3562 0.3444 0.0812 0.1944
3 0.5125 0.075 0.0812 0.1444