1 0.4984 0.2083 0.1031 0.1833
2 0.6516 0.625 0.1062 0.3
0 0.5641 0.7528 0.1281 0.2167
0 0.5672 0.2028 0.0844 0.1611
2 0.925 0.7583 0.15 0.4056
0 0.95 0.6306 0.0688 0.1278
1 0.575 0.8778 0.1344 0.2389
1 0.1062 0.3306 0.1344 0.2389
0 0.8734 0.2083 0.2 0.2944
1 0.0023 0.1083 0.0047 0.2111
2 0.1781 0.3639 0.2531 0.2278
3 0.7219 0.6167 0.0906 0.1611
2 0.9492 0.4889 0.1016 0.2833
1 0.5 0.0944 0.1031 0.1833
2 0.9766 0.6139 0.0469 0.2167
2 0.2469 0.3472 0.1375 0.4833
0 0.4875 0.3444 0.0812 0.1944
3 0.6438 0.075 0.0812 0.1444