1 0.6297 0.2083 0.1031 0.1833
1 0.032 0.6222 0.0641 0.2333
2 0.7828 0.625 0.1062 0.3
0 0.6953 0.7528 0.1281 0.2167
0 0.6984 0.2028 0.0844 0.1611
1 0.018 0.3611 0.0359 0.1611
2 0.9906 0.7583 0.0188 0.4056
1 0.7062 0.8778 0.1344 0.2389
1 0.2375 0.3306 0.1344 0.2389
0 0.9523 0.2083 0.0953 0.2944
1 0.0766 0.1083 0.1188 0.2111
2 0.3094 0.3639 0.2531 0.2278
3 0.8531 0.6167 0.0906 0.1611
1 0.6312 0.0944 0.1031 0.1833
2 0.3781 0.3472 0.1375 0.4833
0 0.6188 0.3444 0.0812 0.1944
3 0.775 0.075 0.0812 0.1444