1 0.7609 0.2083 0.1031 0.1833
1 0.1297 0.6222 0.1312 0.2333
2 0.9141 0.625 0.1062 0.3
0 0.8266 0.7528 0.1281 0.2167
0 0.8297 0.2028 0.0844 0.1611
1 0.1219 0.3611 0.0906 0.1611
1 0.8375 0.8778 0.1344 0.2389
1 0.3688 0.3306 0.1344 0.2389
1 0.2078 0.1083 0.1188 0.2111
2 0.4406 0.3639 0.2531 0.2278
3 0.9695 0.6167 0.0609 0.1611
2 0.0383 0.625 0.0766 0.4944
1 0.7625 0.0944 0.1031 0.1833
0 0.0469 0.2056 0.0719 0.4056
2 0.5094 0.3472 0.1375 0.4833
0 0.75 0.3444 0.0812 0.1944
3 0.9062 0.075 0.0812 0.1444