1 0.8047 0.2083 0.1031 0.1833
1 0.1734 0.6222 0.1312 0.2333
2 0.9523 0.625 0.0953 0.3
0 0.8703 0.7528 0.1281 0.2167
0 0.8734 0.2028 0.0844 0.1611
1 0.1656 0.3611 0.0906 0.1611
1 0.8812 0.8778 0.1344 0.2389
1 0.4125 0.3306 0.1344 0.2389
1 0.2516 0.1083 0.1188 0.2111
2 0.4844 0.3639 0.2531 0.2278
3 0.9914 0.6167 0.0172 0.1611
2 0.0602 0.625 0.1203 0.4944
1 0.8062 0.0944 0.1031 0.1833
0 0.0906 0.2056 0.0719 0.4056
2 0.5531 0.3472 0.1375 0.4833
0 0.7938 0.3444 0.0812 0.1944
3 0.95 0.075 0.0812 0.1444