1 0.8484 0.2083 0.1031 0.1833
1 0.2172 0.6222 0.1312 0.2333
2 0.9742 0.625 0.0516 0.3
0 0.9141 0.7528 0.1281 0.2167
0 0.9172 0.2028 0.0844 0.1611
1 0.2094 0.3611 0.0906 0.1611
1 0.925 0.8778 0.1344 0.2389
1 0.4562 0.3306 0.1344 0.2389
1 0.2953 0.1083 0.1188 0.2111
2 0.5281 0.3639 0.2531 0.2278
2 0.082 0.625 0.1641 0.4944
1 0.0172 0.2194 0.0344 0.2
1 0.85 0.0944 0.1031 0.1833
0 0.1344 0.2056 0.0719 0.4056
2 0.5969 0.3472 0.1375 0.4833
3 0.007 0.8972 0.0141 0.1444
0 0.8375 0.3444 0.0812 0.1944
3 0.9766 0.075 0.0469 0.1444