1 0.8922 0.2083 0.1031 0.1833
1 0.2609 0.6222 0.1312 0.2333
2 0.9961 0.625 0.0078 0.3
1 0.0047 0.1278 0.0094 0.25
0 0.9469 0.7528 0.1062 0.2167
0 0.9594 0.2028 0.0812 0.1611
1 0.2531 0.3611 0.0906 0.1611
1 0.9508 0.8778 0.0984 0.2389
1 0.5 0.3306 0.1344 0.2389
1 0.3391 0.1083 0.1188 0.2111
2 0.5719 0.3639 0.2531 0.2278
2 0.1039 0.625 0.2078 0.4944
1 0.0391 0.2194 0.0781 0.2
1 0.8938 0.0944 0.1031 0.1833
0 0.1781 0.2056 0.0719 0.4056
2 0.6406 0.3472 0.1375 0.4833
3 0.0289 0.8972 0.0578 0.1444
0 0.8812 0.3444 0.0812 0.1944
3 0.9984 0.075 0.0031 0.1444