1 0.9359 0.2083 0.1031 0.1833
1 0.3047 0.6222 0.1312 0.2333
1 0.0266 0.1278 0.0531 0.25
0 0.9688 0.7528 0.0625 0.2167
0 0.9812 0.2028 0.0375 0.1611
1 0.2969 0.3611 0.0906 0.1611
1 0.9727 0.8778 0.0547 0.2389
1 0.5438 0.3306 0.1344 0.2389
1 0.3828 0.1083 0.1188 0.2111
2 0.6156 0.3639 0.2531 0.2278
2 0.1453 0.625 0.2125 0.4944
1 0.0656 0.2194 0.1125 0.2
1 0.9375 0.0944 0.1031 0.1833
0 0.2219 0.2056 0.0719 0.4056
3 0.0195 0.6333 0.0391 0.1611
2 0.6844 0.3472 0.1375 0.4833
3 0.0609 0.8972 0.0812 0.1444
0 0.925 0.3444 0.0812 0.1944