1 0.9859 0.2083 0.0281 0.1833
1 0.3922 0.6222 0.1312 0.2333
1 0.0703 0.1278 0.1406 0.25
1 0.3844 0.3611 0.0906 0.1611
0 0.007 0.1111 0.0141 0.2167
1 0.6312 0.3306 0.1344 0.2389
1 0.4703 0.1083 0.1188 0.2111
2 0.7031 0.3639 0.2531 0.2278
2 0.2328 0.625 0.2125 0.4944
1 0.1531 0.2194 0.1125 0.2
1 0.9867 0.0944 0.0266 0.1833
0 0.3094 0.2056 0.0719 0.4056
0 0.0242 0.0944 0.0484 0.1833
3 0.0812 0.6333 0.0906 0.1611
2 0.7719 0.3472 0.1375 0.4833
3 0.1484 0.8972 0.0812 0.1444
0 0.9859 0.3444 0.0281 0.1944