1 0.6547 0.6222 0.1312 0.2333
1 0.3328 0.1278 0.1406 0.25
1 0.6469 0.3611 0.0906 0.1611
0 0.1938 0.1111 0.1656 0.2167
1 0.8938 0.3306 0.1344 0.2389
1 0.7328 0.1083 0.1188 0.2111
2 0.9195 0.3639 0.1609 0.2278
3 0.0375 0.7639 0.075 0.1611
0 0.0969 0.3583 0.0594 0.1056
2 0.4953 0.625 0.2125 0.4944
1 0.4156 0.2194 0.1125 0.2
2 0.0391 0.225 0.0781 0.3944
0 0.5719 0.2056 0.0719 0.4056
0 0.2688 0.0944 0.0844 0.1833
3 0.3438 0.6333 0.0906 0.1611
2 0.9828 0.3472 0.0344 0.4833
3 0.4109 0.8972 0.0812 0.1444