1 0.9477 0.6222 0.1047 0.2333
1 0.6391 0.1278 0.1406 0.25
1 0.9531 0.3611 0.0906 0.1611
0 0.5 0.1111 0.1656 0.2167
3 0.1047 0.3556 0.0938 0.1667
2 0.0953 0.3056 0.1469 0.6056
1 0.9898 0.1083 0.0203 0.2111
3 0.3359 0.7639 0.0906 0.1611
0 0.4031 0.3583 0.0594 0.1056
2 0.8016 0.625 0.2125 0.4944
1 0.7219 0.2194 0.1125 0.2
1 0.0328 0.2083 0.0656 0.1833
2 0.2625 0.225 0.2438 0.3944
0 0.8781 0.2056 0.0719 0.4056
0 0.575 0.0944 0.0844 0.1833
3 0.65 0.6333 0.0906 0.1611
3 0.7172 0.8972 0.0812 0.1444