3 0.0047 0.3333 0.0094 0.1111
1 0.9695 0.6222 0.0609 0.2333
1 0.6828 0.1278 0.1406 0.25
3 0.0141 0.9056 0.0281 0.15
1 0.9758 0.3611 0.0484 0.1611
0 0.5438 0.1111 0.1656 0.2167
3 0.1484 0.3556 0.0938 0.1667
2 0.1391 0.3056 0.1469 0.6056
3 0.3797 0.7639 0.0906 0.1611
0 0.4469 0.3583 0.0594 0.1056
2 0.8453 0.625 0.2125 0.4944
1 0.7656 0.2194 0.1125 0.2
1 0.0578 0.2083 0.1031 0.1833
2 0.3062 0.225 0.2438 0.3944
0 0.9219 0.2056 0.0719 0.4056
0 0.6188 0.0944 0.0844 0.1833
3 0.6938 0.6333 0.0906 0.1611
3 0.7609 0.8972 0.0812 0.1444