3 0.0266 0.3333 0.0531 0.1111
1 0.9914 0.6222 0.0172 0.2333
1 0.7266 0.1278 0.1406 0.25
3 0.0359 0.9056 0.0719 0.15
1 0.9977 0.3611 0.0047 0.1611
0 0.5875 0.1111 0.1656 0.2167
3 0.1922 0.3556 0.0938 0.1667
2 0.1828 0.3056 0.1469 0.6056
3 0.4234 0.7639 0.0906 0.1611
0 0.4906 0.3583 0.0594 0.1056
2 0.8891 0.625 0.2125 0.4944
2 0.0219 0.3389 0.0438 0.25
1 0.8094 0.2194 0.1125 0.2
1 0.1016 0.2083 0.1031 0.1833
2 0.35 0.225 0.2438 0.3944
0 0.9648 0.2056 0.0703 0.4056
0 0.6625 0.0944 0.0844 0.1833
1 0.0102 0.2 0.0203 0.25
3 0.7375 0.6333 0.0906 0.1611
3 0.8047 0.8972 0.0812 0.1444