3 0.0656 0.3333 0.0625 0.1111
1 0.7703 0.1278 0.1406 0.25
3 0.0734 0.9056 0.0844 0.15
0 0.6312 0.1111 0.1656 0.2167
3 0.2359 0.3556 0.0938 0.1667
2 0.2266 0.3056 0.1469 0.6056
3 0.4672 0.7639 0.0906 0.1611
0 0.5344 0.3583 0.0594 0.1056
2 0.9133 0.625 0.1734 0.4944
2 0.0438 0.3389 0.0875 0.25
1 0.8531 0.2194 0.1125 0.2
1 0.1453 0.2083 0.1031 0.1833
2 0.3938 0.225 0.2438 0.3944
0 0.9867 0.2056 0.0266 0.4056
0 0.7062 0.0944 0.0844 0.1833
1 0.032 0.2 0.0641 0.25
3 0.7812 0.6333 0.0906 0.1611
3 0.8484 0.8972 0.0812 0.1444