3 0.1531 0.3333 0.0625 0.1111
1 0.8578 0.1278 0.1406 0.25
3 0.1609 0.9056 0.0844 0.15
0 0.7188 0.1111 0.1656 0.2167
3 0.3234 0.3556 0.0938 0.1667
2 0.3141 0.3056 0.1469 0.6056
3 0.5547 0.7639 0.0906 0.1611
0 0.6219 0.3583 0.0594 0.1056
2 0.957 0.625 0.0859 0.4944
2 0.0875 0.3389 0.175 0.25
1 0.9406 0.2194 0.1125 0.2
1 0.2328 0.2083 0.1031 0.1833
2 0.4812 0.225 0.2438 0.3944
0 0.7938 0.0944 0.0844 0.1833
1 0.0812 0.2 0.1406 0.25
3 0.8688 0.6333 0.0906 0.1611
3 0.9359 0.8972 0.0812 0.1444