3 0.1969 0.3333 0.0625 0.1111
1 0.9016 0.1278 0.1406 0.25
3 0.2047 0.9056 0.0844 0.15
0 0.7625 0.1111 0.1656 0.2167
3 0.3672 0.3556 0.0938 0.1667
2 0.3578 0.3056 0.1469 0.6056
3 0.5984 0.7639 0.0906 0.1611
0 0.6656 0.3583 0.0594 0.1056
2 0.9789 0.625 0.0422 0.4944
2 0.1203 0.3389 0.1969 0.25
1 0.9641 0.2194 0.0719 0.2
1 0.2766 0.2083 0.1031 0.1833
2 0.525 0.225 0.2438 0.3944
0 0.8375 0.0944 0.0844 0.1833
1 0.125 0.2 0.1406 0.25
3 0.9125 0.6333 0.0906 0.1611
3 0.9695 0.8972 0.0609 0.1444