0 0.3234 0.3472 0.1438 0.2944
3 0.6344 0.3333 0.0625 0.1111
2 0.0984 0.3389 0.1281 0.55
3 0.6422 0.9056 0.0844 0.15
3 0.8047 0.3556 0.0938 0.1667
2 0.7953 0.3056 0.1469 0.6056
0 0.1086 0.4694 0.2172 0.4222
3 0.0359 0.2194 0.0719 0.1556
3 0.9953 0.7639 0.0094 0.1611
0 0.0891 0.6361 0.1469 0.2
2 0.5578 0.3389 0.1969 0.25
3 0.2531 0.4889 0.0625 0.1111
1 0.7141 0.2083 0.1031 0.1833
2 0.9203 0.225 0.1594 0.3944
1 0.5625 0.2 0.1406 0.25
1 0.0047 0.3417 0.0094 0.2333
3 0.0312 0.7722 0.0625 0.1278