0 0.3672 0.3472 0.1438 0.2944
3 0.6781 0.3333 0.0625 0.1111
2 0.1422 0.3389 0.1281 0.55
0 0.0203 0.8861 0.0406 0.2222
3 0.6859 0.9056 0.0844 0.15
3 0.8484 0.3556 0.0938 0.1667
2 0.8391 0.3056 0.1469 0.6056
0 0.1438 0.4694 0.2344 0.4222
3 0.0719 0.2194 0.0875 0.1556
0 0.1328 0.6361 0.1469 0.2
3 0.0117 0.625 0.0234 0.1667
2 0.6016 0.3389 0.1969 0.25
3 0.2969 0.4889 0.0625 0.1111
1 0.7578 0.2083 0.1031 0.1833
2 0.9422 0.225 0.1156 0.3944
1 0.6062 0.2 0.1406 0.25
1 0.0266 0.3417 0.0531 0.2333
3 0.0703 0.7722 0.0719 0.1278