0 0.4547 0.3472 0.1438 0.2944
3 0.7656 0.3333 0.0625 0.1111
2 0.2297 0.3389 0.1281 0.55
0 0.0734 0.8861 0.1094 0.2222
3 0.7734 0.9056 0.0844 0.15
1 0.0281 0.3444 0.0562 0.2056
3 0.9359 0.3556 0.0938 0.1667
2 0.9266 0.3056 0.1469 0.6056
0 0.2312 0.4694 0.2344 0.4222
3 0.1594 0.2194 0.0875 0.1556
0 0.2203 0.6361 0.1469 0.2
3 0.0641 0.625 0.0938 0.1667
2 0.6891 0.3389 0.1969 0.25
3 0.3844 0.4889 0.0625 0.1111
1 0.8453 0.2083 0.1031 0.1833
2 0.9859 0.225 0.0281 0.3944
1 0.6938 0.2 0.1406 0.25
1 0.075 0.3417 0.1312 0.2333
3 0.1578 0.7722 0.0719 0.1278