0 0.4984 0.3472 0.1438 0.2944
3 0.8094 0.3333 0.0625 0.1111
2 0.2734 0.3389 0.1281 0.55
1 0.0125 0.2028 0.025 0.2278
0 0.1172 0.8861 0.1094 0.2222
3 0.8172 0.9056 0.0844 0.15
1 0.05 0.3444 0.1 0.2056
3 0.9664 0.3556 0.0672 0.1667
2 0.9484 0.3056 0.1031 0.6056
0 0.275 0.4694 0.2344 0.4222
3 0.2031 0.2194 0.0875 0.1556
0 0.2641 0.6361 0.1469 0.2
3 0.1078 0.625 0.0938 0.1667
2 0.7328 0.3389 0.1969 0.25
3 0.4281 0.4889 0.0625 0.1111
1 0.8891 0.2083 0.1031 0.1833
1 0.0008 0.4861 0.0016 0.1722
1 0.7375 0.2 0.1406 0.25
1 0.1188 0.3417 0.1312 0.2333
3 0.2016 0.7722 0.0719 0.1278