1 0.0047 0.7694 0.0094 0.1611
0 0.5859 0.3472 0.1438 0.2944
3 0.8969 0.3333 0.0625 0.1111
2 0.3609 0.3389 0.1281 0.55
1 0.0562 0.2028 0.1125 0.2278
0 0.2047 0.8861 0.1094 0.2222
3 0.9047 0.9056 0.0844 0.15
1 0.1297 0.3444 0.1156 0.2056
2 0.9922 0.3056 0.0156 0.6056
0 0.3625 0.4694 0.2344 0.4222
3 0.2906 0.2194 0.0875 0.1556
0 0.3516 0.6361 0.1469 0.2
3 0.1953 0.625 0.0938 0.1667
2 0.8203 0.3389 0.1969 0.25
3 0.5156 0.4889 0.0625 0.1111
1 0.9625 0.2083 0.075 0.1833
1 0.0445 0.4861 0.0891 0.1722
1 0.825 0.2 0.1406 0.25
1 0.2062 0.3417 0.1312 0.2333
3 0.2891 0.7722 0.0719 0.1278