1 0.0266 0.7694 0.0531 0.1611
0 0.6297 0.3472 0.1438 0.2944
3 0.9406 0.3333 0.0625 0.1111
2 0.4047 0.3389 0.1281 0.55
1 0.0922 0.2028 0.1281 0.2278
0 0.2484 0.8861 0.1094 0.2222
3 0.9484 0.9056 0.0844 0.15
1 0.1734 0.3444 0.1156 0.2056
0 0.4062 0.4694 0.2344 0.4222
3 0.3344 0.2194 0.0875 0.1556
0 0.3953 0.6361 0.1469 0.2
3 0.2391 0.625 0.0938 0.1667
2 0.8641 0.3389 0.1969 0.25
3 0.5594 0.4889 0.0625 0.1111
1 0.9844 0.2083 0.0312 0.1833
1 0.0844 0.4861 0.0969 0.1722
1 0.8688 0.2 0.1406 0.25
1 0.25 0.3417 0.1312 0.2333
3 0.3328 0.7722 0.0719 0.1278