1 0.1828 0.7694 0.0906 0.1611
0 0.8047 0.3472 0.1438 0.2944
2 0.5797 0.3389 0.1281 0.55
1 0.2672 0.2028 0.1281 0.2278
0 0.4234 0.8861 0.1094 0.2222
1 0.3484 0.3444 0.1156 0.2056
0 0.5812 0.4694 0.2344 0.4222
3 0.5094 0.2194 0.0875 0.1556
0 0.0102 0.4972 0.0203 0.2111
0 0.5703 0.6361 0.1469 0.2
3 0.4141 0.625 0.0938 0.1667
2 0.9703 0.3389 0.0594 0.25
3 0.7344 0.4889 0.0625 0.1111
1 0.2594 0.4861 0.0969 0.1722
1 0.9867 0.2 0.0266 0.25
1 0.425 0.3417 0.1312 0.2333
3 0.5078 0.7722 0.0719 0.1278