1 0.3578 0.7694 0.0906 0.1611
0 0.9539 0.3472 0.0922 0.2944
3 0.0531 0.0639 0.0656 0.1167
2 0.7547 0.3389 0.1281 0.55
1 0.4422 0.2028 0.1281 0.2278
0 0.5984 0.8861 0.1094 0.2222
1 0.5234 0.3444 0.1156 0.2056
0 0.7562 0.4694 0.2344 0.4222
3 0.6844 0.2194 0.0875 0.1556
0 0.1359 0.4972 0.1188 0.2111
0 0.7453 0.6361 0.1469 0.2
3 0.5891 0.625 0.0938 0.1667
2 0.0008 0.775 0.0016 0.3222
0 0.0227 0.6139 0.0453 0.1778
3 0.9094 0.4889 0.0625 0.1111
1 0.4344 0.4861 0.0969 0.1722
1 0.6 0.3417 0.1312 0.2333
3 0.6828 0.7722 0.0719 0.1278