1 0.4016 0.7694 0.0906 0.1611
0 0.9758 0.3472 0.0484 0.2944
3 0.0969 0.0639 0.0656 0.1167
2 0.7984 0.3389 0.1281 0.55
1 0.4859 0.2028 0.1281 0.2278
0 0.6422 0.8861 0.1094 0.2222
3 0.0211 0.8972 0.0422 0.1222
1 0.5672 0.3444 0.1156 0.2056
0 0.8 0.4694 0.2344 0.4222
3 0.7281 0.2194 0.0875 0.1556
0 0.1797 0.4972 0.1188 0.2111
0 0.7891 0.6361 0.1469 0.2
3 0.6328 0.625 0.0938 0.1667
2 0.0227 0.775 0.0453 0.3222
0 0.0445 0.6139 0.0891 0.1778
3 0.9531 0.4889 0.0625 0.1111
1 0.4781 0.4861 0.0969 0.1722
1 0.6438 0.3417 0.1312 0.2333
3 0.7266 0.7722 0.0719 0.1278