1 0.4453 0.7694 0.0906 0.1611
0 0.9977 0.3472 0.0047 0.2944
3 0.1406 0.0639 0.0656 0.1167
2 0.8422 0.3389 0.1281 0.55
1 0.5297 0.2028 0.1281 0.2278
0 0.6859 0.8861 0.1094 0.2222
3 0.0516 0.8972 0.0688 0.1222
1 0.6109 0.3444 0.1156 0.2056
0 0.8438 0.4694 0.2344 0.4222
3 0.7719 0.2194 0.0875 0.1556
0 0.2234 0.4972 0.1188 0.2111
0 0.8328 0.6361 0.1469 0.2
3 0.6766 0.625 0.0938 0.1667
2 0.0445 0.775 0.0891 0.3222
0 0.0664 0.6139 0.1328 0.1778
3 0.9828 0.4889 0.0344 0.1111
1 0.5219 0.4861 0.0969 0.1722
1 0.6875 0.3417 0.1312 0.2333
3 0.7703 0.7722 0.0719 0.1278