1 0.5328 0.7694 0.0906 0.1611
3 0.2281 0.0639 0.0656 0.1167
2 0.9297 0.3389 0.1281 0.55
1 0.6172 0.2028 0.1281 0.2278
0 0.7734 0.8861 0.1094 0.2222
3 0.1391 0.8972 0.0688 0.1222
1 0.6984 0.3444 0.1156 0.2056
3 0.0164 0.7722 0.0328 0.1278
0 0.907 0.4694 0.1859 0.4222
3 0.8594 0.2194 0.0875 0.1556
0 0.3109 0.4972 0.1188 0.2111
0 0.9203 0.6361 0.1469 0.2
3 0.7641 0.625 0.0938 0.1667
2 0.0883 0.775 0.1766 0.3222
0 0.1438 0.6139 0.1531 0.1778
3 0.0219 0.1944 0.0438 0.1667
1 0.6094 0.4861 0.0969 0.1722
1 0.775 0.3417 0.1312 0.2333
3 0.8578 0.7722 0.0719 0.1278