1 0.5766 0.7694 0.0906 0.1611
3 0.2719 0.0639 0.0656 0.1167
2 0.9547 0.3389 0.0906 0.55
1 0.6609 0.2028 0.1281 0.2278
0 0.8172 0.8861 0.1094 0.2222
3 0.1828 0.8972 0.0688 0.1222
1 0.7422 0.3444 0.1156 0.2056
3 0.0406 0.7722 0.0719 0.1278
0 0.9289 0.4694 0.1422 0.4222
3 0.9031 0.2194 0.0875 0.1556
0 0.3547 0.4972 0.1188 0.2111
0 0.9453 0.6361 0.1094 0.2
3 0.8078 0.625 0.0938 0.1667
2 0.1125 0.775 0.2156 0.3222
0 0.1875 0.6139 0.1531 0.1778
3 0.0438 0.1944 0.0875 0.1667
1 0.6531 0.4861 0.0969 0.1722
1 0.8188 0.3417 0.1312 0.2333
3 0.9016 0.7722 0.0719 0.1278