1 0.6641 0.7694 0.0906 0.1611
3 0.3594 0.0639 0.0656 0.1167
1 0.0109 0.8972 0.0219 0.2
2 0.9984 0.3389 0.0031 0.55
1 0.7484 0.2028 0.1281 0.2278
0 0.9047 0.8861 0.1094 0.2222
3 0.2703 0.8972 0.0688 0.1222
1 0.8297 0.3444 0.1156 0.2056
3 0.1281 0.7722 0.0719 0.1278
0 0.9727 0.4694 0.0547 0.4222
3 0.9734 0.2194 0.0531 0.1556
0 0.4422 0.4972 0.1188 0.2111
0 0.9891 0.6361 0.0219 0.2
3 0.8953 0.625 0.0938 0.1667
2 0.2 0.775 0.2156 0.3222
0 0.275 0.6139 0.1531 0.1778
3 0.1281 0.1944 0.0938 0.1667
1 0.7406 0.4861 0.0969 0.1722
1 0.9062 0.3417 0.1312 0.2333
3 0.9766 0.7722 0.0469 0.1278