1 0.7078 0.7694 0.0906 0.1611
3 0.4031 0.0639 0.0656 0.1167
1 0.0328 0.8972 0.0656 0.2
1 0.7922 0.2028 0.1281 0.2278
0 0.9469 0.8861 0.1062 0.2222
3 0.3141 0.8972 0.0688 0.1222
1 0.8734 0.3444 0.1156 0.2056
3 0.1719 0.7722 0.0719 0.1278
0 0.9945 0.4694 0.0109 0.4222
3 0.9953 0.2194 0.0094 0.1556
0 0.4859 0.4972 0.1188 0.2111
3 0.9391 0.625 0.0938 0.1667
2 0.2438 0.775 0.2156 0.3222
0 0.3188 0.6139 0.1531 0.1778
3 0.1719 0.1944 0.0938 0.1667
1 0.7844 0.4861 0.0969 0.1722
1 0.9422 0.3417 0.1156 0.2333
3 0.9984 0.7722 0.0031 0.1278