3 0.8844 0.0639 0.0656 0.1167
1 0.4906 0.8972 0.1125 0.2
1 0.3391 0.0917 0.1 0.1778
1 0.0344 0.1028 0.0688 0.2
3 0.7953 0.8972 0.0688 0.1222
2 0.0266 0.2222 0.0531 0.4389
3 0.6531 0.7722 0.0719 0.1278
0 0.9539 0.4972 0.0922 0.2111
2 0.1688 0.5028 0.2188 0.2667
3 0.1 0.8917 0.075 0.1333
0 0.0039 0.8417 0.0078 0.3111
2 0.0094 0.4722 0.0188 0.2889
0 0.1 0.2111 0.1531 0.15
2 0.725 0.775 0.2156 0.3222
0 0.8 0.6139 0.1531 0.1778
0 0.0023 0.7556 0.0047 0.2333
2 0.1719 0.6167 0.1938 0.3333
3 0.6531 0.1944 0.0938 0.1667
3 0.0328 0.7694 0.0656 0.1667
2 0.0398 0.8389 0.0797 0.3167