3 0.9695 0.0639 0.0609 0.1167
1 0.5781 0.8972 0.1125 0.2
1 0.4266 0.0917 0.1 0.1778
1 0.1 0.1028 0.1125 0.2
3 0.8828 0.8972 0.0688 0.1222
2 0.0703 0.2222 0.1406 0.4389
3 0.7406 0.7722 0.0719 0.1278
0 0.9977 0.4972 0.0047 0.2111
2 0.2562 0.5028 0.2188 0.2667
3 0.1875 0.8917 0.075 0.1333
0 0.0477 0.8417 0.0953 0.3111
2 0.0531 0.4722 0.1062 0.2889
0 0.1875 0.2111 0.1531 0.15
2 0.8125 0.775 0.2156 0.3222
0 0.8875 0.6139 0.1531 0.1778
0 0.0461 0.7556 0.0922 0.2333
2 0.2594 0.6167 0.1938 0.3333
3 0.7406 0.1944 0.0938 0.1667
0 0.0062 0.3444 0.0125 0.2222
3 0.1062 0.7694 0.0938 0.1667
2 0.1031 0.8389 0.1281 0.3167
0 0.0156 0.1583 0.0312 0.3111