3 0.9914 0.0639 0.0172 0.1167
1 0.6219 0.8972 0.1125 0.2
1 0.4703 0.0917 0.1 0.1778
1 0.1438 0.1028 0.1125 0.2
3 0.9266 0.8972 0.0688 0.1222
2 0.0922 0.2222 0.1844 0.4389
3 0.7844 0.7722 0.0719 0.1278
2 0.3 0.5028 0.2188 0.2667
3 0.2312 0.8917 0.075 0.1333
0 0.0703 0.8417 0.1375 0.3111
2 0.075 0.4722 0.15 0.2889
0 0.2312 0.2111 0.1531 0.15
2 0.8562 0.775 0.2156 0.3222
0 0.9273 0.6139 0.1453 0.1778
0 0.0734 0.7556 0.125 0.2333
2 0.3031 0.6167 0.1938 0.3333
3 0.7844 0.1944 0.0938 0.1667
0 0.0281 0.3444 0.0562 0.2222
3 0.15 0.7694 0.0938 0.1667
2 0.1469 0.8389 0.1281 0.3167
0 0.0375 0.1583 0.075 0.3111