1 0.6656 0.8972 0.1125 0.2
1 0.5141 0.0917 0.1 0.1778
1 0.1875 0.1028 0.1125 0.2
3 0.968 0.8972 0.0641 0.1222
2 0.1266 0.2222 0.2031 0.4389
3 0.8281 0.7722 0.0719 0.1278
2 0.3438 0.5028 0.2188 0.2667
3 0.275 0.8917 0.075 0.1333
0 0.1141 0.8417 0.1375 0.3111
2 0.0969 0.4722 0.1938 0.2889
0 0.275 0.2111 0.1531 0.15
2 0.8961 0.775 0.2078 0.3222
0 0.9492 0.6139 0.1016 0.1778
0 0.1172 0.7556 0.125 0.2333
2 0.3469 0.6167 0.1938 0.3333
3 0.8281 0.1944 0.0938 0.1667
0 0.05 0.3444 0.1 0.2222
0 0.0109 0.1278 0.0219 0.25
3 0.1938 0.7694 0.0938 0.1667
2 0.1906 0.8389 0.1281 0.3167
0 0.0594 0.1583 0.1188 0.3111