1 0.7094 0.8972 0.1125 0.2
1 0.5578 0.0917 0.1 0.1778
1 0.2312 0.1028 0.1125 0.2
3 0.9898 0.8972 0.0203 0.1222
2 0.1703 0.2222 0.2031 0.4389
3 0.8719 0.7722 0.0719 0.1278
2 0.3875 0.5028 0.2188 0.2667
3 0.3188 0.8917 0.075 0.1333
0 0.1578 0.8417 0.1375 0.3111
2 0.1188 0.4722 0.2375 0.2889
0 0.3188 0.2111 0.1531 0.15
2 0.918 0.775 0.1641 0.3222
0 0.9711 0.6139 0.0578 0.1778
0 0.1609 0.7556 0.125 0.2333
2 0.3906 0.6167 0.1938 0.3333
3 0.8719 0.1944 0.0938 0.1667
0 0.0781 0.3444 0.1312 0.2222
0 0.0328 0.1278 0.0656 0.25
3 0.2375 0.7694 0.0938 0.1667
2 0.2344 0.8389 0.1281 0.3167
0 0.0812 0.1583 0.1625 0.3111