1 0.7969 0.8972 0.1125 0.2
2 0.0023 0.6333 0.0047 0.2889
1 0.6453 0.0917 0.1 0.1778
1 0.3188 0.1028 0.1125 0.2
2 0.2578 0.2222 0.2031 0.4389
3 0.9594 0.7722 0.0719 0.1278
2 0.475 0.5028 0.2188 0.2667
0 0.0305 0.3417 0.0609 0.15
3 0.4062 0.8917 0.075 0.1333
0 0.2453 0.8417 0.1375 0.3111
2 0.1688 0.4722 0.3125 0.2889
0 0.4062 0.2111 0.1531 0.15
2 0.9617 0.775 0.0766 0.3222
0 0.2484 0.7556 0.125 0.2333
2 0.4781 0.6167 0.1938 0.3333
3 0.9562 0.1944 0.0875 0.1667
0 0.1656 0.3444 0.1312 0.2222
0 0.0891 0.1278 0.1281 0.25
3 0.325 0.7694 0.0938 0.1667
2 0.3219 0.8389 0.1281 0.3167
0 0.1672 0.1583 0.1656 0.3111