1 0.8406 0.8972 0.1125 0.2
2 0.0242 0.6333 0.0484 0.2889
1 0.6891 0.0917 0.1 0.1778
1 0.3625 0.1028 0.1125 0.2
2 0.3016 0.2222 0.2031 0.4389
3 0.9836 0.7722 0.0328 0.1278
2 0.5188 0.5028 0.2188 0.2667
0 0.0609 0.3417 0.0875 0.15
3 0.45 0.8917 0.075 0.1333
0 0.2891 0.8417 0.1375 0.3111
2 0.2125 0.4722 0.3125 0.2889
0 0.45 0.2111 0.1531 0.15
2 0.9836 0.775 0.0328 0.3222
0 0.2922 0.7556 0.125 0.2333
2 0.5219 0.6167 0.1938 0.3333
3 0.9781 0.1944 0.0438 0.1667
0 0.2094 0.3444 0.1312 0.2222
0 0.1328 0.1278 0.1281 0.25
2 0.0023 0.8556 0.0047 0.2833
3 0.3688 0.7694 0.0938 0.1667
2 0.3656 0.8389 0.1281 0.3167
0 0.2109 0.1583 0.1656 0.3111