1 0.9281 0.8972 0.1125 0.2
0 0.0172 0.4778 0.0344 0.1778
2 0.0164 0.7722 0.0328 0.3389
2 0.068 0.6333 0.1359 0.2889
1 0.7766 0.0917 0.1 0.1778
1 0.45 0.1028 0.1125 0.2
2 0.3891 0.2222 0.2031 0.4389
2 0.6062 0.5028 0.2188 0.2667
0 0.1484 0.3417 0.0875 0.15
3 0.5375 0.8917 0.075 0.1333
0 0.3766 0.8417 0.1375 0.3111
2 0.3 0.4722 0.3125 0.2889
0 0.5375 0.2111 0.1531 0.15
0 0.3797 0.7556 0.125 0.2333
2 0.6094 0.6167 0.1938 0.3333
0 0.2969 0.3444 0.1312 0.2222
0 0.2203 0.1278 0.1281 0.25
2 0.0461 0.8556 0.0922 0.2833
3 0.4562 0.7694 0.0938 0.1667
2 0.4531 0.8389 0.1281 0.3167
0 0.2984 0.1583 0.1656 0.3111