0 0.1156 0.4778 0.1 0.1778
2 0.1125 0.7722 0.1031 0.3389
2 0.1336 0.6333 0.2672 0.2889
1 0.9078 0.0917 0.1 0.1778
1 0.5812 0.1028 0.1125 0.2
2 0.5203 0.2222 0.2031 0.4389
0 0.0039 0.3472 0.0078 0.15
2 0.7375 0.5028 0.2188 0.2667
0 0.2797 0.3417 0.0875 0.15
3 0.6688 0.8917 0.075 0.1333
0 0.5078 0.8417 0.1375 0.3111
2 0.4312 0.4722 0.3125 0.2889
0 0.6688 0.2111 0.1531 0.15
0 0.5109 0.7556 0.125 0.2333
2 0.7406 0.6167 0.1938 0.3333
0 0.4281 0.3444 0.1312 0.2222
0 0.3516 0.1278 0.1281 0.25
2 0.1156 0.8556 0.2156 0.2833
3 0.5875 0.7694 0.0938 0.1667
2 0.5844 0.8389 0.1281 0.3167
0 0.4297 0.1583 0.1656 0.3111