2 0.0188 0.1111 0.0375 0.2167
0 0.2906 0.4778 0.1 0.1778
2 0.2875 0.7722 0.1031 0.3389
2 0.2953 0.6333 0.2938 0.2889
1 0.7562 0.1028 0.1125 0.2
2 0.6953 0.2222 0.2031 0.4389
0 0.1391 0.3472 0.0875 0.15
3 0.0062 0.4972 0.0125 0.1222
1 0.0719 0.3361 0.0906 0.1611
2 0.9016 0.5028 0.1969 0.2667
0 0.4547 0.3417 0.0875 0.15
3 0.8438 0.8917 0.075 0.1333
0 0.6828 0.8417 0.1375 0.3111
2 0.6062 0.4722 0.3125 0.2889
0 0.8438 0.2111 0.1531 0.15
0 0.6859 0.7556 0.125 0.2333
2 0.9094 0.6167 0.1812 0.3333
0 0.6031 0.3444 0.1312 0.2222
0 0.5266 0.1278 0.1281 0.25
2 0.2906 0.8556 0.2156 0.2833
3 0.7625 0.7694 0.0938 0.1667
2 0.7594 0.8389 0.1281 0.3167
0 0.6047 0.1583 0.1656 0.3111