2 0.0703 0.1111 0.1094 0.2167
0 0.3781 0.4778 0.1 0.1778
2 0.375 0.7722 0.1031 0.3389
2 0.3828 0.6333 0.2938 0.2889
1 0.8438 0.1028 0.1125 0.2
2 0.7828 0.2222 0.2031 0.4389
0 0.2266 0.3472 0.0875 0.15
3 0.0656 0.4972 0.0688 0.1222
1 0.1594 0.3361 0.0906 0.1611
2 0.9453 0.5028 0.1094 0.2667
0 0.5422 0.3417 0.0875 0.15
3 0.9312 0.8917 0.075 0.1333
0 0.7703 0.8417 0.1375 0.3111
2 0.6938 0.4722 0.3125 0.2889
0 0.9273 0.2111 0.1453 0.15
0 0.7734 0.7556 0.125 0.2333
1 0.0234 0.8889 0.0469 0.2167
2 0.9531 0.6167 0.0938 0.3333
0 0.6906 0.3444 0.1312 0.2222
0 0.6141 0.1278 0.1281 0.25
2 0.3781 0.8556 0.2156 0.2833
3 0.85 0.7694 0.0938 0.1667
2 0.8469 0.8389 0.1281 0.3167
0 0.6922 0.1583 0.1656 0.3111