2 0.1141 0.1111 0.1094 0.2167
0 0.4219 0.4778 0.1 0.1778
2 0.4188 0.7722 0.1031 0.3389
2 0.4266 0.6333 0.2938 0.2889
1 0.8875 0.1028 0.1125 0.2
2 0.8266 0.2222 0.2031 0.4389
0 0.2703 0.3472 0.0875 0.15
3 0.1094 0.4972 0.0688 0.1222
1 0.2031 0.3361 0.0906 0.1611
2 0.9672 0.5028 0.0656 0.2667
0 0.5859 0.3417 0.0875 0.15
3 0.9688 0.8917 0.0625 0.1333
0 0.8141 0.8417 0.1375 0.3111
2 0.7375 0.4722 0.3125 0.2889
0 0.9492 0.2111 0.1016 0.15
0 0.8172 0.7556 0.125 0.2333
3 0.0031 0.6306 0.0062 0.15
1 0.0453 0.8889 0.0906 0.2167
2 0.975 0.6167 0.05 0.3333
0 0.7344 0.3444 0.1312 0.2222
0 0.6578 0.1278 0.1281 0.25
2 0.4219 0.8556 0.2156 0.2833
3 0.8938 0.7694 0.0938 0.1667
2 0.8906 0.8389 0.1281 0.3167
0 0.7359 0.1583 0.1656 0.3111