2 0.2016 0.1111 0.1094 0.2167
0 0.5094 0.4778 0.1 0.1778
2 0.5062 0.7722 0.1031 0.3389
2 0.5141 0.6333 0.2938 0.2889
1 0.9594 0.1028 0.0812 0.2
2 0.9062 0.2222 0.1875 0.4389
0 0.3578 0.3472 0.0875 0.15
3 0.1969 0.4972 0.0688 0.1222
1 0.2906 0.3361 0.0906 0.1611
0 0.6734 0.3417 0.0875 0.15
0 0.0375 0.4694 0.0719 0.1833
0 0.9016 0.8417 0.1375 0.3111
2 0.825 0.4722 0.3125 0.2889
0 0.993 0.2111 0.0141 0.15
0 0.9047 0.7556 0.125 0.2333
3 0.0516 0.6306 0.0844 0.15
3 0.0039 0.3611 0.0078 0.1722
1 0.1172 0.8889 0.1219 0.2167
3 0.0023 0.1917 0.0047 0.1333
0 0.8219 0.3444 0.1312 0.2222
0 0.7453 0.1278 0.1281 0.25
2 0.5094 0.8556 0.2156 0.2833
3 0.9672 0.7694 0.0656 0.1667
2 0.957 0.8389 0.0859 0.3167
0 0.8234 0.1583 0.1656 0.3111