2 0.2453 0.1111 0.1094 0.2167
0 0.5531 0.4778 0.1 0.1778
2 0.55 0.7722 0.1031 0.3389
2 0.5578 0.6333 0.2938 0.2889
1 0.9812 0.1028 0.0375 0.2
2 0.9281 0.2222 0.1438 0.4389
0 0.4016 0.3472 0.0875 0.15
3 0.2406 0.4972 0.0688 0.1222
1 0.3344 0.3361 0.0906 0.1611
0 0.7172 0.3417 0.0875 0.15
0 0.0812 0.4694 0.0719 0.1833
0 0.9383 0.8417 0.1234 0.3111
2 0.8562 0.4722 0.2875 0.2889
0 0.943 0.7556 0.1141 0.2333
3 0.0953 0.6306 0.0844 0.15
3 0.0258 0.3611 0.0516 0.1722
1 0.1609 0.8889 0.1219 0.2167
3 0.0242 0.1917 0.0484 0.1333
0 0.8656 0.3444 0.1312 0.2222
0 0.7891 0.1278 0.1281 0.25
0 0.0156 0.3556 0.0312 0.3667
2 0.5531 0.8556 0.2156 0.2833
3 0.9891 0.7694 0.0219 0.1667
2 0.9789 0.8389 0.0422 0.3167
0 0.8672 0.1583 0.1656 0.3111