2 0.2891 0.1111 0.1094 0.2167
0 0.5969 0.4778 0.1 0.1778
2 0.5938 0.7722 0.1031 0.3389
2 0.6016 0.6333 0.2938 0.2889
2 0.95 0.2222 0.1 0.4389
0 0.4453 0.3472 0.0875 0.15
3 0.2844 0.4972 0.0688 0.1222
1 0.3781 0.3361 0.0906 0.1611
0 0.7609 0.3417 0.0875 0.15
0 0.125 0.4694 0.0719 0.1833
0 0.9602 0.8417 0.0797 0.3111
2 0.8781 0.4722 0.2438 0.2889
0 0.9648 0.7556 0.0703 0.2333
1 0.0125 0.6222 0.025 0.1944
3 0.1391 0.6306 0.0844 0.15
3 0.0477 0.3611 0.0953 0.1722
1 0.2047 0.8889 0.1219 0.2167
3 0.0547 0.1917 0.075 0.1333
0 0.9094 0.3444 0.1312 0.2222
0 0.8328 0.1278 0.1281 0.25
0 0.0375 0.3556 0.075 0.3667
2 0.5969 0.8556 0.2156 0.2833
0 0.9109 0.1583 0.1656 0.3111