2 0.3328 0.1111 0.1094 0.2167
0 0.6406 0.4778 0.1 0.1778
2 0.6375 0.7722 0.1031 0.3389
2 0.6453 0.6333 0.2938 0.2889
2 0.9719 0.2222 0.0562 0.4389
0 0.4891 0.3472 0.0875 0.15
3 0.3281 0.4972 0.0688 0.1222
1 0.4219 0.3361 0.0906 0.1611
0 0.8047 0.3417 0.0875 0.15
0 0.1688 0.4694 0.0719 0.1833
0 0.982 0.8417 0.0359 0.3111
2 0.9 0.4722 0.2 0.2889
0 0.9867 0.7556 0.0266 0.2333
1 0.0344 0.6222 0.0688 0.1944
3 0.1828 0.6306 0.0844 0.15
3 0.0906 0.3611 0.0969 0.1722
1 0.2484 0.8889 0.1219 0.2167
3 0.0984 0.1917 0.075 0.1333
0 0.9438 0.3444 0.1125 0.2222
0 0.8766 0.1278 0.1281 0.25
0 0.0594 0.3556 0.1188 0.3667
2 0.6406 0.8556 0.2156 0.2833
0 0.9359 0.1583 0.1281 0.3111