2 0.4203 0.1111 0.1094 0.2167
0 0.7281 0.4778 0.1 0.1778
2 0.725 0.7722 0.1031 0.3389
2 0.7328 0.6333 0.2938 0.2889
0 0.5766 0.3472 0.0875 0.15
3 0.4156 0.4972 0.0688 0.1222
1 0.5094 0.3361 0.0906 0.1611
0 0.8922 0.3417 0.0875 0.15
0 0.2562 0.4694 0.0719 0.1833
2 0.9438 0.4722 0.1125 0.2889
1 0.1016 0.6222 0.1094 0.1944
3 0.2703 0.6306 0.0844 0.15
3 0.1781 0.3611 0.0969 0.1722
1 0.3359 0.8889 0.1219 0.2167
3 0.1859 0.1917 0.075 0.1333
0 0.9875 0.3444 0.025 0.2222
0 0.95 0.1278 0.1 0.25
0 0.1094 0.3556 0.1938 0.3667
2 0.7281 0.8556 0.2156 0.2833
0 0.9797 0.1583 0.0406 0.3111