2 0.4641 0.1111 0.1094 0.2167
0 0.7719 0.4778 0.1 0.1778
2 0.7688 0.7722 0.1031 0.3389
0 0.0164 0.75 0.0328 0.1722
2 0.7766 0.6333 0.2938 0.2889
0 0.6203 0.3472 0.0875 0.15
3 0.4594 0.4972 0.0688 0.1222
1 0.5531 0.3361 0.0906 0.1611
0 0.9359 0.3417 0.0875 0.15
0 0.3 0.4694 0.0719 0.1833
2 0.9656 0.4722 0.0688 0.2889
1 0.1453 0.6222 0.1094 0.1944
3 0.3141 0.6306 0.0844 0.15
3 0.2219 0.3611 0.0969 0.1722
1 0.3797 0.8889 0.1219 0.2167
3 0.2297 0.1917 0.075 0.1333
3 0.0188 0.4889 0.0375 0.1722
0 0.9719 0.1278 0.0562 0.25
0 0.1531 0.3556 0.1938 0.3667
2 0.7719 0.8556 0.2156 0.2833