2 0.5078 0.1111 0.1094 0.2167
0 0.8156 0.4778 0.1 0.1778
2 0.8125 0.7722 0.1031 0.3389
0 0.0383 0.75 0.0766 0.1722
2 0.8203 0.6333 0.2938 0.2889
0 0.6641 0.3472 0.0875 0.15
3 0.5031 0.4972 0.0688 0.1222
1 0.5969 0.3361 0.0906 0.1611
0 0.968 0.3417 0.0641 0.15
0 0.3438 0.4694 0.0719 0.1833
3 0.0047 0.6139 0.0094 0.15
2 0.9875 0.4722 0.025 0.2889
1 0.1891 0.6222 0.1094 0.1944
3 0.3578 0.6306 0.0844 0.15
3 0.2656 0.3611 0.0969 0.1722
1 0.4234 0.8889 0.1219 0.2167
3 0.2734 0.1917 0.075 0.1333
3 0.0406 0.4889 0.0812 0.1722
2 0.0148 0.1028 0.0297 0.2
0 0.9938 0.1278 0.0125 0.25
0 0.1969 0.3556 0.1938 0.3667
2 0.8156 0.8556 0.2156 0.2833