2 0.5953 0.1111 0.1094 0.2167
0 0.9031 0.4778 0.1 0.1778
2 0.9 0.7722 0.1031 0.3389
0 0.1219 0.75 0.0844 0.1722
2 0.8805 0.6333 0.2391 0.2889
0 0.7516 0.3472 0.0875 0.15
3 0.5906 0.4972 0.0688 0.1222
1 0.6844 0.3361 0.0906 0.1611
0 0.4312 0.4694 0.0719 0.1833
3 0.0547 0.6139 0.0844 0.15
1 0.2766 0.6222 0.1094 0.1944
3 0.4453 0.6306 0.0844 0.15
3 0.3531 0.3611 0.0969 0.1722
1 0.5109 0.8889 0.1219 0.2167
3 0.3609 0.1917 0.075 0.1333
3 0.1203 0.4889 0.0969 0.1722
2 0.0586 0.1028 0.1172 0.2
0 0.2844 0.3556 0.1938 0.3667
2 0.8977 0.8556 0.2047 0.2833