2 0.6391 0.1111 0.1094 0.2167
0 0.9469 0.4778 0.1 0.1778
2 0.9438 0.7722 0.1031 0.3389
0 0.1656 0.75 0.0844 0.1722
2 0.9023 0.6333 0.1953 0.2889
0 0.7953 0.3472 0.0875 0.15
3 0.6344 0.4972 0.0688 0.1222
1 0.7281 0.3361 0.0906 0.1611
0 0.475 0.4694 0.0719 0.1833
3 0.0984 0.6139 0.0844 0.15
1 0.3203 0.6222 0.1094 0.1944
3 0.4891 0.6306 0.0844 0.15
3 0.3969 0.3611 0.0969 0.1722
1 0.5547 0.8889 0.1219 0.2167
3 0.4047 0.1917 0.075 0.1333
3 0.1641 0.4889 0.0969 0.1722
2 0.0969 0.1028 0.1281 0.2
0 0.3281 0.3556 0.1938 0.3667
1 0.007 0.4917 0.0141 0.2611
2 0.9195 0.8556 0.1609 0.2833