2 0.6828 0.1111 0.1094 0.2167
0 0.9703 0.4778 0.0594 0.1778
2 0.968 0.7722 0.0641 0.3389
0 0.2094 0.75 0.0844 0.1722
2 0.9242 0.6333 0.1516 0.2889
0 0.8391 0.3472 0.0875 0.15
3 0.6781 0.4972 0.0688 0.1222
1 0.7719 0.3361 0.0906 0.1611
0 0.5188 0.4694 0.0719 0.1833
3 0.1422 0.6139 0.0844 0.15
3 0.0062 0.6306 0.0125 0.1389
1 0.3641 0.6222 0.1094 0.1944
3 0.5328 0.6306 0.0844 0.15
3 0.4406 0.3611 0.0969 0.1722
1 0.5984 0.8889 0.1219 0.2167
3 0.4484 0.1917 0.075 0.1333
3 0.2078 0.4889 0.0969 0.1722
2 0.1406 0.1028 0.1281 0.2
0 0.3719 0.3556 0.1938 0.3667
1 0.0289 0.4917 0.0578 0.2611
2 0.9414 0.8556 0.1172 0.2833