2 0.7266 0.1111 0.1094 0.2167
0 0.9922 0.4778 0.0156 0.1778
2 0.9898 0.7722 0.0203 0.3389
0 0.2531 0.75 0.0844 0.1722
2 0.9461 0.6333 0.1078 0.2889
0 0.8828 0.3472 0.0875 0.15
3 0.7219 0.4972 0.0688 0.1222
1 0.8156 0.3361 0.0906 0.1611
0 0.5625 0.4694 0.0719 0.1833
3 0.1859 0.6139 0.0844 0.15
3 0.0281 0.6306 0.0562 0.1389
1 0.4078 0.6222 0.1094 0.1944
3 0.5766 0.6306 0.0844 0.15
3 0.4844 0.3611 0.0969 0.1722
1 0.6422 0.8889 0.1219 0.2167
3 0.4922 0.1917 0.075 0.1333
3 0.2516 0.4889 0.0969 0.1722
2 0.1844 0.1028 0.1281 0.2
0 0.4156 0.3556 0.1938 0.3667
1 0.0508 0.4917 0.1016 0.2611
2 0.9633 0.8556 0.0734 0.2833