2 0.7703 0.1111 0.1094 0.2167
0 0.2969 0.75 0.0844 0.1722
2 0.968 0.6333 0.0641 0.2889
0 0.9266 0.3472 0.0875 0.15
3 0.7656 0.4972 0.0688 0.1222
1 0.8594 0.3361 0.0906 0.1611
0 0.6062 0.4694 0.0719 0.1833
3 0.2297 0.6139 0.0844 0.15
3 0.0609 0.6306 0.0781 0.1389
1 0.4516 0.6222 0.1094 0.1944
3 0.6203 0.6306 0.0844 0.15
3 0.5281 0.3611 0.0969 0.1722
1 0.6859 0.8889 0.1219 0.2167
3 0.5359 0.1917 0.075 0.1333
3 0.2953 0.4889 0.0969 0.1722
2 0.2281 0.1028 0.1281 0.2
0 0.4594 0.3556 0.1938 0.3667
1 0.0727 0.4917 0.1453 0.2611
2 0.9852 0.8556 0.0297 0.2833