2 0.8141 0.1111 0.1094 0.2167
2 0.0039 0.7806 0.0078 0.2667
0 0.3406 0.75 0.0844 0.1722
2 0.9898 0.6333 0.0203 0.2889
0 0.9633 0.3472 0.0734 0.15
3 0.8094 0.4972 0.0688 0.1222
1 0.9031 0.3361 0.0906 0.1611
0 0.65 0.4694 0.0719 0.1833
3 0.2734 0.6139 0.0844 0.15
3 0.1047 0.6306 0.0781 0.1389
1 0.4953 0.6222 0.1094 0.1944
3 0.6641 0.6306 0.0844 0.15
3 0.5719 0.3611 0.0969 0.1722
1 0.7297 0.8889 0.1219 0.2167
3 0.5797 0.1917 0.075 0.1333
3 0.3391 0.4889 0.0969 0.1722
2 0.2719 0.1028 0.1281 0.2
0 0.5031 0.3556 0.1938 0.3667
1 0.1156 0.4917 0.1469 0.2611