2 0.8578 0.1111 0.1094 0.2167
2 0.0258 0.7806 0.0516 0.2667
0 0.3844 0.75 0.0844 0.1722
0 0.9852 0.3472 0.0297 0.15
3 0.8531 0.4972 0.0688 0.1222
1 0.9469 0.3361 0.0906 0.1611
0 0.6938 0.4694 0.0719 0.1833
3 0.3172 0.6139 0.0844 0.15
3 0.1484 0.6306 0.0781 0.1389
1 0.5391 0.6222 0.1094 0.1944
3 0.7078 0.6306 0.0844 0.15
3 0.6156 0.3611 0.0969 0.1722
1 0.7734 0.8889 0.1219 0.2167
3 0.6234 0.1917 0.075 0.1333
3 0.3828 0.4889 0.0969 0.1722
2 0.3156 0.1028 0.1281 0.2
0 0.5469 0.3556 0.1938 0.3667
1 0.1594 0.4917 0.1469 0.2611