2 0.9016 0.1111 0.1094 0.2167
2 0.0477 0.7806 0.0953 0.2667
0 0.4281 0.75 0.0844 0.1722
3 0.8969 0.4972 0.0688 0.1222
1 0.9727 0.3361 0.0547 0.1611
0 0.7375 0.4694 0.0719 0.1833
3 0.3609 0.6139 0.0844 0.15
3 0.1922 0.6306 0.0781 0.1389
1 0.5828 0.6222 0.1094 0.1944
3 0.7516 0.6306 0.0844 0.15
3 0.6594 0.3611 0.0969 0.1722
1 0.8172 0.8889 0.1219 0.2167
3 0.6672 0.1917 0.075 0.1333
3 0.4266 0.4889 0.0969 0.1722
2 0.3594 0.1028 0.1281 0.2
0 0.5906 0.3556 0.1938 0.3667
1 0.2031 0.4917 0.1469 0.2611