2 0.9453 0.1111 0.1094 0.2167
2 0.0695 0.7806 0.1391 0.2667
0 0.4719 0.75 0.0844 0.1722
3 0.9406 0.4972 0.0688 0.1222
1 0.9945 0.3361 0.0109 0.1611
0 0.7812 0.4694 0.0719 0.1833
3 0.4047 0.6139 0.0844 0.15
3 0.2359 0.6306 0.0781 0.1389
1 0.6266 0.6222 0.1094 0.1944
3 0.7953 0.6306 0.0844 0.15
3 0.7031 0.3611 0.0969 0.1722
1 0.8609 0.8889 0.1219 0.2167
3 0.7109 0.1917 0.075 0.1333
3 0.4703 0.4889 0.0969 0.1722
2 0.4031 0.1028 0.1281 0.2
0 0.6344 0.3556 0.1938 0.3667
1 0.2469 0.4917 0.1469 0.2611
3 0.0188 0.3556 0.0375 0.1111