2 0.1453 0.7806 0.25 0.2667
0 0.6031 0.75 0.0844 0.1722
3 0.0094 0.4861 0.0188 0.1278
0 0.025 0.7806 0.05 0.2056
0 0.9125 0.4694 0.0719 0.1833
3 0.5359 0.6139 0.0844 0.15
3 0.3672 0.6306 0.0781 0.1389
1 0.7578 0.6222 0.1094 0.1944
3 0.9266 0.6306 0.0844 0.15
3 0.8344 0.3611 0.0969 0.1722
1 0.9656 0.8889 0.0688 0.2167
3 0.8422 0.1917 0.075 0.1333
3 0.6016 0.4889 0.0969 0.1722
2 0.5344 0.1028 0.1281 0.2
0 0.7656 0.3556 0.1938 0.3667
1 0.3781 0.4917 0.1469 0.2611
3 0.1375 0.3556 0.0625 0.1111