0 0.032 0.7528 0.0641 0.2833
2 0.3203 0.7806 0.25 0.2667
0 0.7781 0.75 0.0844 0.1722
3 0.1578 0.4861 0.0719 0.1278
0 0.1672 0.7806 0.1156 0.2056
3 0.7109 0.6139 0.0844 0.15
3 0.5422 0.6306 0.0781 0.1389
1 0.9328 0.6222 0.1094 0.1944
3 0.9805 0.3611 0.0391 0.1722
3 0.0719 0.4972 0.0844 0.15
3 0.9898 0.1917 0.0203 0.1333
3 0.7766 0.4889 0.0969 0.1722
2 0.0094 0.75 0.0188 0.3
2 0.7094 0.1028 0.1281 0.2
0 0.9219 0.3556 0.1562 0.3667
1 0.5531 0.4917 0.1469 0.2611
3 0.3125 0.3556 0.0625 0.1111