0 0.6203 0.7528 0.1125 0.2833
3 0.4672 0.2167 0.0906 0.1611
0 0.4672 0.7472 0.0781 0.2
2 0.9039 0.7806 0.1922 0.2667
3 0.7703 0.4861 0.0719 0.1278
1 0.0344 0.875 0.0688 0.2444
0 0.7797 0.7806 0.1156 0.2056
1 0.2203 0.3444 0.1469 0.2611
1 0.0188 0.0833 0.0375 0.1611
1 0.0672 0.3528 0.1125 0.2
0 0.3875 0.8944 0.0875 0.1556
3 0.6844 0.4972 0.0844 0.15
3 0.0078 0.6167 0.0156 0.1167
2 0.5359 0.75 0.1906 0.3
0 0.3875 0.3472 0.2594 0.1889
3 0.3031 0.6194 0.0625 0.1111
3 0.925 0.3556 0.0625 0.1111