0 0.7953 0.7528 0.1125 0.2833
3 0.6422 0.2167 0.0906 0.1611
0 0.6422 0.7472 0.0781 0.2
2 0.9914 0.7806 0.0172 0.2667
3 0.9453 0.4861 0.0719 0.1278
1 0.175 0.875 0.1375 0.2444
0 0.9484 0.7806 0.1031 0.2056
1 0.3953 0.3444 0.1469 0.2611
1 0.1672 0.0833 0.0906 0.1611
3 0.0234 0.475 0.0469 0.1333
1 0.2422 0.3528 0.1125 0.2
1 0.0922 0.7722 0.1375 0.2444
0 0.5625 0.8944 0.0875 0.1556
3 0.8594 0.4972 0.0844 0.15
3 0.1578 0.6167 0.0656 0.1167
2 0.7109 0.75 0.1906 0.3
0 0.5625 0.3472 0.2594 0.1889
3 0.4781 0.6194 0.0625 0.1111