3 0.9438 0.5028 0.0969 0.1722
0 0.3172 0.9056 0.1406 0.1833
0 0.0906 0.7722 0.1094 0.1944
1 0.7234 0.7611 0.1312 0.2333
2 0.0055 0.6167 0.0109 0.2167
2 0.8516 0.4972 0.2969 0.9889
2 0.4844 0.3639 0.1531 0.2722
2 0.8688 0.3611 0.1469 0.3556
1 0.7891 0.4917 0.1469 0.2611
1 0.1656 0.4917 0.1406 0.25
3 0.0953 0.6222 0.0781 0.1389
1 0.6328 0.3528 0.1062 0.1889
0 0.9492 0.85 0.1016 0.2944
2 0.9172 0.7417 0.1656 0.5111
2 0.4094 0.1806 0.2688 0.3556
2 0.6438 0.6333 0.1156 0.2
2 0.0828 0.1 0.1156 0.1944
0 0.9555 0.8667 0.0891 0.2611
3 0.2484 0.6389 0.0812 0.1444
3 0.0273 0.3639 0.0547 0.1333
2 0.1703 0.2972 0.2625 0.5889