3 0.9695 0.5028 0.0609 0.1722
0 0.3609 0.9056 0.1406 0.1833
0 0.1344 0.7722 0.1094 0.1944
1 0.7672 0.7611 0.1312 0.2333
2 0.0273 0.6167 0.0547 0.2167
2 0.8734 0.4972 0.2531 0.9889
2 0.5281 0.3639 0.1531 0.2722
2 0.9125 0.3611 0.1469 0.3556
1 0.8328 0.4917 0.1469 0.2611
1 0.2094 0.4917 0.1406 0.25
3 0.1391 0.6222 0.0781 0.1389
1 0.6766 0.3528 0.1062 0.1889
0 0.9711 0.85 0.0578 0.2944
2 0.9391 0.7417 0.1219 0.5111
2 0.4531 0.1806 0.2688 0.3556
2 0.6875 0.6333 0.1156 0.2
3 0.0117 0.7722 0.0234 0.1722
2 0.1266 0.1 0.1156 0.1944
0 0.9773 0.8667 0.0453 0.2611
3 0.2922 0.6389 0.0812 0.1444
3 0.0609 0.3639 0.075 0.1333
2 0.2141 0.2972 0.2625 0.5889