3 0.9914 0.5028 0.0172 0.1722
0 0.4047 0.9056 0.1406 0.1833
0 0.1781 0.7722 0.1094 0.1944
1 0.8109 0.7611 0.1312 0.2333
2 0.0492 0.6167 0.0984 0.2167
2 0.8953 0.4972 0.2094 0.9889
2 0.5719 0.3639 0.1531 0.2722
2 0.9414 0.3611 0.1172 0.3556
1 0.8766 0.4917 0.1469 0.2611
1 0.2531 0.4917 0.1406 0.25
3 0.1828 0.6222 0.0781 0.1389
1 0.7203 0.3528 0.1062 0.1889
0 0.993 0.85 0.0141 0.2944
2 0.9609 0.7417 0.0781 0.5111
2 0.4969 0.1806 0.2688 0.3556
2 0.7312 0.6333 0.1156 0.2
3 0.0336 0.7722 0.0672 0.1722
2 0.1703 0.1 0.1156 0.1944
0 0.9992 0.8667 0.0016 0.2611
3 0.3359 0.6389 0.0812 0.1444
3 0.1047 0.3639 0.075 0.1333
2 0.2578 0.2972 0.2625 0.5889