0 0.4484 0.9056 0.1406 0.1833
0 0.2219 0.7722 0.1094 0.1944
1 0.8547 0.7611 0.1312 0.2333
2 0.0734 0.6167 0.1375 0.2167
2 0.9172 0.4972 0.1656 0.9889
2 0.6156 0.3639 0.1531 0.2722
2 0.9633 0.3611 0.0734 0.3556
1 0.9203 0.4917 0.1469 0.2611
1 0.2969 0.4917 0.1406 0.25
3 0.2266 0.6222 0.0781 0.1389
1 0.7641 0.3528 0.1062 0.1889
2 0.9828 0.7417 0.0344 0.5111
2 0.5406 0.1806 0.2688 0.3556
2 0.775 0.6333 0.1156 0.2
3 0.0625 0.7722 0.0969 0.1722
0 0.0102 0.7972 0.0203 0.4
2 0.2141 0.1 0.1156 0.1944
3 0.3797 0.6389 0.0812 0.1444
3 0.1484 0.3639 0.075 0.1333
2 0.3016 0.2972 0.2625 0.5889