0 0.4922 0.9056 0.1406 0.1833
0 0.2656 0.7722 0.1094 0.1944
1 0.8984 0.7611 0.1312 0.2333
2 0.1172 0.6167 0.1375 0.2167
2 0.9391 0.4972 0.1219 0.9889
2 0.6594 0.3639 0.1531 0.2722
2 0.9852 0.3611 0.0297 0.3556
1 0.9453 0.4917 0.1094 0.2611
1 0.3406 0.4917 0.1406 0.25
3 0.2703 0.6222 0.0781 0.1389
1 0.8078 0.3528 0.1062 0.1889
2 0.5844 0.1806 0.2688 0.3556
2 0.8188 0.6333 0.1156 0.2
3 0.1062 0.7722 0.0969 0.1722
0 0.032 0.7972 0.0641 0.4
2 0.2578 0.1 0.1156 0.1944
3 0.4234 0.6389 0.0812 0.1444
3 0.1922 0.3639 0.075 0.1333
2 0.3453 0.2972 0.2625 0.5889