0 0.5797 0.9056 0.1406 0.1833
0 0.3531 0.7722 0.1094 0.1944
1 0.9602 0.7611 0.0797 0.2333
2 0.2047 0.6167 0.1375 0.2167
3 0.0039 0.6278 0.0078 0.1667
2 0.9828 0.4972 0.0344 0.9889
2 0.7469 0.3639 0.1531 0.2722
1 0.9891 0.4917 0.0219 0.2611
1 0.4281 0.4917 0.1406 0.25
3 0.3578 0.6222 0.0781 0.1389
1 0.8953 0.3528 0.1062 0.1889
2 0.6719 0.1806 0.2688 0.3556
2 0.9062 0.6333 0.1156 0.2
3 0.1938 0.7722 0.0969 0.1722
0 0.0758 0.7972 0.1516 0.4
2 0.3453 0.1 0.1156 0.1944
3 0.5109 0.6389 0.0812 0.1444
3 0.2797 0.3639 0.075 0.1333
2 0.4328 0.2972 0.2625 0.5889