0 0.6234 0.9056 0.1406 0.1833
0 0.3969 0.7722 0.1094 0.1944
1 0.982 0.7611 0.0359 0.2333
2 0.2484 0.6167 0.1375 0.2167
3 0.0258 0.6278 0.0516 0.1667
2 0.7906 0.3639 0.1531 0.2722
1 0.4719 0.4917 0.1406 0.25
3 0.4016 0.6222 0.0781 0.1389
1 0.9391 0.3528 0.1062 0.1889
2 0.7156 0.1806 0.2688 0.3556
2 0.9461 0.6333 0.1078 0.2
3 0.2375 0.7722 0.0969 0.1722
0 0.0977 0.7972 0.1953 0.4
2 0.3891 0.1 0.1156 0.1944
3 0.5547 0.6389 0.0812 0.1444
3 0.3234 0.3639 0.075 0.1333
2 0.4766 0.2972 0.2625 0.5889