2 0.0406 0.1917 0.0812 0.2833
0 0.7547 0.9056 0.1406 0.1833
0 0.5281 0.7722 0.1094 0.1944
2 0.3797 0.6167 0.1375 0.2167
3 0.1359 0.6278 0.0938 0.1667
2 0.9219 0.3639 0.1531 0.2722
1 0.6031 0.4917 0.1406 0.25
1 0.0188 0.6306 0.0375 0.2056
3 0.5328 0.6222 0.0781 0.1389
1 0.018 0.0917 0.0359 0.1778
2 0.8469 0.1806 0.2688 0.3556
3 0.3688 0.7722 0.0969 0.1722
0 0.2188 0.7972 0.2156 0.4
2 0.5203 0.1 0.1156 0.1944
3 0.6859 0.6389 0.0812 0.1444
3 0.4547 0.3639 0.075 0.1333
2 0.6078 0.2972 0.2625 0.5889