2 0.0844 0.1917 0.1688 0.2833
0 0.8422 0.9056 0.1406 0.1833
0 0.6156 0.7722 0.1094 0.1944
2 0.4672 0.6167 0.1375 0.2167
3 0.2234 0.6278 0.0938 0.1667
2 0.9664 0.3639 0.0672 0.2722
1 0.6906 0.4917 0.1406 0.25
1 0.0672 0.6306 0.1156 0.2056
3 0.6203 0.6222 0.0781 0.1389
1 0.0734 0.0917 0.1 0.1778
2 0.9 0.1806 0.2 0.3556
3 0.4562 0.7722 0.0969 0.1722
0 0.3062 0.7972 0.2156 0.4
2 0.6078 0.1 0.1156 0.1944
2 0.0156 0.3611 0.0312 0.3111
0 0.0211 0.8806 0.0422 0.2333
3 0.7734 0.6389 0.0812 0.1444
3 0.5422 0.3639 0.075 0.1333
2 0.6953 0.2972 0.2625 0.5889