2 0.1109 0.1917 0.2031 0.2833
0 0.8859 0.9056 0.1406 0.1833
0 0.6594 0.7722 0.1094 0.1944
2 0.5109 0.6167 0.1375 0.2167
3 0.2672 0.6278 0.0938 0.1667
2 0.9883 0.3639 0.0234 0.2722
1 0.7344 0.4917 0.1406 0.25
1 0.1109 0.6306 0.1156 0.2056
3 0.6641 0.6222 0.0781 0.1389
1 0.1172 0.0917 0.1 0.1778
2 0.9219 0.1806 0.1562 0.3556
3 0.5 0.7722 0.0969 0.1722
0 0.35 0.7972 0.2156 0.4
2 0.6516 0.1 0.1156 0.1944
2 0.0375 0.3611 0.075 0.3111
0 0.043 0.8806 0.0859 0.2333
3 0.8172 0.6389 0.0812 0.1444
3 0.5859 0.3639 0.075 0.1333
2 0.7391 0.2972 0.2625 0.5889