2 0.1547 0.1917 0.2031 0.2833
0 0.9297 0.9056 0.1406 0.1833
0 0.7031 0.7722 0.1094 0.1944
2 0.5547 0.6167 0.1375 0.2167
3 0.3109 0.6278 0.0938 0.1667
1 0.7781 0.4917 0.1406 0.25
1 0.1547 0.6306 0.1156 0.2056
3 0.7078 0.6222 0.0781 0.1389
1 0.1609 0.0917 0.1 0.1778
2 0.9438 0.1806 0.1125 0.3556
3 0.5438 0.7722 0.0969 0.1722
0 0.3938 0.7972 0.2156 0.4
2 0.6953 0.1 0.1156 0.1944
2 0.0703 0.3611 0.0969 0.3111
0 0.0688 0.8806 0.1219 0.2333
3 0.8609 0.6389 0.0812 0.1444
3 0.6297 0.3639 0.075 0.1333
2 0.7828 0.2972 0.2625 0.5889