2 0.2422 0.1917 0.2031 0.2833
0 0.9734 0.9056 0.0531 0.1833
0 0.7906 0.7722 0.1094 0.1944
2 0.6422 0.6167 0.1375 0.2167
3 0.3984 0.6278 0.0938 0.1667
0 0.0328 0.7583 0.0656 0.1778
1 0.8656 0.4917 0.1406 0.25
1 0.2422 0.6306 0.1156 0.2056
3 0.7953 0.6222 0.0781 0.1389
1 0.2484 0.0917 0.1 0.1778
2 0.9875 0.1806 0.025 0.3556
0 0.0164 0.1944 0.0328 0.3833
3 0.6312 0.7722 0.0969 0.1722
0 0.4812 0.7972 0.2156 0.4
3 0.0219 0.3306 0.0438 0.1167
2 0.7828 0.1 0.1156 0.1944
2 0.1578 0.3611 0.0969 0.3111
0 0.1562 0.8806 0.1219 0.2333
3 0.9484 0.6389 0.0812 0.1444
3 0.7172 0.3639 0.075 0.1333
2 0.8695 0.2972 0.2609 0.5889