2 0.2859 0.1917 0.2031 0.2833
0 0.9953 0.9056 0.0094 0.1833
1 0.0188 0.6111 0.0375 0.2556
0 0.8344 0.7722 0.1094 0.1944
2 0.6859 0.6167 0.1375 0.2167
3 0.4422 0.6278 0.0938 0.1667
0 0.0609 0.7583 0.0969 0.1778
1 0.9094 0.4917 0.1406 0.25
1 0.2859 0.6306 0.1156 0.2056
3 0.8391 0.6222 0.0781 0.1389
1 0.2922 0.0917 0.1 0.1778
0 0.0383 0.1944 0.0766 0.3833
3 0.675 0.7722 0.0969 0.1722
0 0.525 0.7972 0.2156 0.4
3 0.0547 0.3306 0.0656 0.1167
2 0.8266 0.1 0.1156 0.1944
2 0.2016 0.3611 0.0969 0.3111
0 0.2 0.8806 0.1219 0.2333
3 0.9758 0.6389 0.0484 0.1444
3 0.7609 0.3639 0.075 0.1333
2 0.8914 0.2972 0.2172 0.5889