2 0.3297 0.1917 0.2031 0.2833
1 0.0406 0.6111 0.0812 0.2556
0 0.8781 0.7722 0.1094 0.1944
2 0.7297 0.6167 0.1375 0.2167
3 0.4859 0.6278 0.0938 0.1667
0 0.1047 0.7583 0.0969 0.1778
1 0.9414 0.4917 0.1172 0.25
1 0.3297 0.6306 0.1156 0.2056
3 0.8828 0.6222 0.0781 0.1389
1 0.3359 0.0917 0.1 0.1778
0 0.0602 0.1944 0.1203 0.3833
3 0.7188 0.7722 0.0969 0.1722
0 0.5688 0.7972 0.2156 0.4
3 0.0984 0.3306 0.0656 0.1167
2 0.8703 0.1 0.1156 0.1944
2 0.2453 0.3611 0.0969 0.3111
0 0.2438 0.8806 0.1219 0.2333
3 0.9977 0.6389 0.0047 0.1444
3 0.8047 0.3639 0.075 0.1333
2 0.9133 0.2972 0.1734 0.5889