2 0.3734 0.1917 0.2031 0.2833
1 0.0625 0.6111 0.125 0.2556
0 0.9219 0.7722 0.1094 0.1944
2 0.7734 0.6167 0.1375 0.2167
3 0.5297 0.6278 0.0938 0.1667
0 0.1484 0.7583 0.0969 0.1778
1 0.9633 0.4917 0.0734 0.25
1 0.3734 0.6306 0.1156 0.2056
3 0.9266 0.6222 0.0781 0.1389
1 0.3797 0.0917 0.1 0.1778
0 0.082 0.1944 0.1641 0.3833
3 0.7625 0.7722 0.0969 0.1722
0 0.6125 0.7972 0.2156 0.4
3 0.1422 0.3306 0.0656 0.1167
2 0.9141 0.1 0.1156 0.1944
2 0.2891 0.3611 0.0969 0.3111
0 0.2875 0.8806 0.1219 0.2333
3 0.8484 0.3639 0.075 0.1333
2 0.9352 0.2972 0.1297 0.5889