2 0.4172 0.1917 0.2031 0.2833
1 0.0969 0.6111 0.1438 0.2556
0 0.9555 0.7722 0.0891 0.1944
2 0.8172 0.6167 0.1375 0.2167
3 0.5734 0.6278 0.0938 0.1667
0 0.1922 0.7583 0.0969 0.1778
1 0.9852 0.4917 0.0297 0.25
1 0.4172 0.6306 0.1156 0.2056
3 0.9656 0.6222 0.0688 0.1389
1 0.4234 0.0917 0.1 0.1778
0 0.1039 0.1944 0.2078 0.3833
3 0.8062 0.7722 0.0969 0.1722
0 0.6562 0.7972 0.2156 0.4
3 0.1859 0.3306 0.0656 0.1167
2 0.95 0.1 0.1 0.1944
2 0.3328 0.3611 0.0969 0.3111
0 0.3312 0.8806 0.1219 0.2333
3 0.8922 0.3639 0.075 0.1333
2 0.957 0.2972 0.0859 0.5889