2 0.4609 0.1917 0.2031 0.2833
1 0.1406 0.6111 0.1438 0.2556
0 0.9773 0.7722 0.0453 0.1944
2 0.8609 0.6167 0.1375 0.2167
3 0.6172 0.6278 0.0938 0.1667
0 0.2359 0.7583 0.0969 0.1778
1 0.4609 0.6306 0.1156 0.2056
3 0.9875 0.6222 0.025 0.1389
1 0.4672 0.0917 0.1 0.1778
0 0.1469 0.1944 0.2094 0.3833
3 0.85 0.7722 0.0969 0.1722
0 0.7 0.7972 0.2156 0.4
3 0.2297 0.3306 0.0656 0.1167
2 0.9719 0.1 0.0562 0.1944
2 0.3766 0.3611 0.0969 0.3111
0 0.375 0.8806 0.1219 0.2333
3 0.9359 0.3639 0.075 0.1333
2 0.9789 0.2972 0.0422 0.5889