2 0.7672 0.1917 0.2031 0.2833
0 0.1453 0.1278 0.05 0.25
1 0.4469 0.6111 0.1438 0.2556
3 0.0703 0.6278 0.0906 0.1611
3 0.9234 0.6278 0.0938 0.1667
0 0.5422 0.7583 0.0969 0.1778
1 0.7672 0.6306 0.1156 0.2056
1 0.7734 0.0917 0.1 0.1778
1 0.0641 0.1306 0.1281 0.2556
0 0.4531 0.1944 0.2094 0.3833
2 0.0156 0.6417 0.0312 0.4778
0 0.9492 0.7972 0.1016 0.4
2 0.0812 0.8389 0.1625 0.3167
3 0.5359 0.3306 0.0656 0.1167
2 0.6828 0.3611 0.0969 0.3111
0 0.6812 0.8806 0.1219 0.2333
3 0.0656 0.3583 0.0656 0.1167