2 0.9422 0.1917 0.1156 0.2833
0 0.3641 0.1278 0.05 0.25
1 0.6656 0.6111 0.1438 0.2556
3 0.2891 0.6278 0.0906 0.1611
0 0.7609 0.7583 0.0969 0.1778
1 0.1234 0.8806 0.1312 0.2333
1 0.9641 0.6306 0.0719 0.2056
1 0.0516 0.7806 0.1031 0.2111
1 0.9711 0.0917 0.0578 0.1778
1 0.275 0.1306 0.1438 0.2556
0 0.6719 0.1944 0.2094 0.3833
2 0.1281 0.6417 0.2438 0.4778
2 0.2938 0.8389 0.175 0.3167
3 0.7547 0.3306 0.0656 0.1167
2 0.9016 0.3611 0.0969 0.3111
0 0.9 0.8806 0.1219 0.2333
3 0.2844 0.3583 0.0656 0.1167
3 0.0516 0.0806 0.0625 0.1111