2 0.9641 0.1917 0.0719 0.2833
0 0.4078 0.1278 0.05 0.25
1 0.7094 0.6111 0.1438 0.2556
3 0.3328 0.6278 0.0906 0.1611
0 0.8047 0.7583 0.0969 0.1778
1 0.1672 0.8806 0.1312 0.2333
1 0.9859 0.6306 0.0281 0.2056
1 0.0875 0.7806 0.1188 0.2111
1 0.993 0.0917 0.0141 0.1778
1 0.3188 0.1306 0.1438 0.2556
0 0.7156 0.1944 0.2094 0.3833
2 0.1719 0.6417 0.2438 0.4778
2 0.3375 0.8389 0.175 0.3167
3 0.7984 0.3306 0.0656 0.1167
2 0.9453 0.3611 0.0969 0.3111
0 0.9414 0.8806 0.1172 0.2333
1 0.0023 0.6139 0.0047 0.2278
3 0.3281 0.3583 0.0656 0.1167
3 0.0953 0.0806 0.0625 0.1111