2 0.9859 0.1917 0.0281 0.2833
0 0.4516 0.1278 0.05 0.25
1 0.7531 0.6111 0.1438 0.2556
3 0.3766 0.6278 0.0906 0.1611
0 0.8484 0.7583 0.0969 0.1778
1 0.2109 0.8806 0.1312 0.2333
3 0.0133 0.4889 0.0266 0.1389
1 0.1312 0.7806 0.1188 0.2111
1 0.3625 0.1306 0.1438 0.2556
0 0.7594 0.1944 0.2094 0.3833
2 0.2156 0.6417 0.2438 0.4778
2 0.3812 0.8389 0.175 0.3167
3 0.8422 0.3306 0.0656 0.1167
2 0.9703 0.3611 0.0594 0.3111
0 0.9633 0.8806 0.0734 0.2333
1 0.0242 0.6139 0.0484 0.2278
3 0.3719 0.3583 0.0656 0.1167
3 0.1391 0.0806 0.0625 0.1111