0 0.007 0.7722 0.0141 0.2222
0 0.4953 0.1278 0.05 0.25
1 0.7969 0.6111 0.1438 0.2556
3 0.4203 0.6278 0.0906 0.1611
0 0.8922 0.7583 0.0969 0.1778
3 0.0008 0.475 0.0016 0.1667
1 0.2547 0.8806 0.1312 0.2333
3 0.0352 0.4889 0.0703 0.1389
1 0.175 0.7806 0.1188 0.2111
1 0.4062 0.1306 0.1438 0.2556
0 0.8031 0.1944 0.2094 0.3833
2 0.2594 0.6417 0.2438 0.4778
2 0.425 0.8389 0.175 0.3167
3 0.8859 0.3306 0.0656 0.1167
2 0.9922 0.3611 0.0156 0.3111
0 0.9852 0.8806 0.0297 0.2333
1 0.0461 0.6139 0.0922 0.2278
3 0.4156 0.3583 0.0656 0.1167
3 0.1828 0.0806 0.0625 0.1111