0 0.0508 0.7722 0.1016 0.2222
0 0.5828 0.1278 0.05 0.25
1 0.8844 0.6111 0.1438 0.2556
3 0.5078 0.6278 0.0906 0.1611
0 0.9656 0.7583 0.0688 0.1778
3 0.0445 0.475 0.0891 0.1667
1 0.3422 0.8806 0.1312 0.2333
3 0.1188 0.4889 0.0781 0.1389
1 0.2625 0.7806 0.1188 0.2111
1 0.4938 0.1306 0.1438 0.2556
0 0.8906 0.1944 0.2094 0.3833
2 0.3469 0.6417 0.2438 0.4778
2 0.5125 0.8389 0.175 0.3167
3 0.9703 0.3306 0.0594 0.1167
1 0.1156 0.6139 0.1281 0.2278
3 0.5031 0.3583 0.0656 0.1167
3 0.2703 0.0806 0.0625 0.1111