0 0.1672 0.7722 0.1312 0.2222
0 0.7141 0.1278 0.05 0.25
1 0.9719 0.6111 0.0562 0.2556
1 0.0383 0.8833 0.0766 0.2278
3 0.6391 0.6278 0.0906 0.1611
3 0.1734 0.475 0.0938 0.1667
1 0.4734 0.8806 0.1312 0.2333
3 0.25 0.4889 0.0781 0.1389
1 0.3938 0.7806 0.1188 0.2111
1 0.0352 0.1139 0.0703 0.2222
1 0.625 0.1306 0.1438 0.2556
0 0.9586 0.1944 0.0828 0.3833
2 0.4781 0.6417 0.2438 0.4778
2 0.6438 0.8389 0.175 0.3167
1 0.2469 0.6139 0.1281 0.2278
3 0.6344 0.3583 0.0656 0.1167
3 0.4016 0.0806 0.0625 0.1111