0 0.3859 0.7722 0.1312 0.2222
0 0.9328 0.1278 0.05 0.25
1 0.2312 0.8833 0.1281 0.2278
3 0.8578 0.6278 0.0906 0.1611
3 0.3922 0.475 0.0938 0.1667
1 0.6922 0.8806 0.1312 0.2333
3 0.4688 0.4889 0.0781 0.1389
1 0.6125 0.7806 0.1188 0.2111
1 0.2266 0.1139 0.125 0.2222
0 0.0797 0.9 0.1 0.0278
1 0.8438 0.1306 0.1438 0.2556
2 0.6969 0.6417 0.2438 0.4778
2 0.8625 0.8389 0.175 0.3167
0 0.0773 0.6083 0.1547 0.1111
1 0.4656 0.6139 0.1281 0.2278
3 0.8531 0.3583 0.0656 0.1167
3 0.6203 0.0806 0.0625 0.1111