0 0.4734 0.7722 0.1312 0.2222
0 0.9977 0.1278 0.0047 0.25
1 0.3188 0.8833 0.1281 0.2278
3 0.9453 0.6278 0.0906 0.1611
3 0.4797 0.475 0.0938 0.1667
1 0.7797 0.8806 0.1312 0.2333
0 0.0281 0.4861 0.0562 0.1833
3 0.5562 0.4889 0.0781 0.1389
1 0.7 0.7806 0.1188 0.2111
1 0.3141 0.1139 0.125 0.2222
0 0.1672 0.9 0.1 0.0278
1 0.9297 0.1306 0.1406 0.2556
2 0.7844 0.6417 0.2438 0.4778
2 0.9312 0.8389 0.1375 0.3167
0 0.1547 0.6083 0.175 0.1111
1 0.5531 0.6139 0.1281 0.2278
3 0.9406 0.3583 0.0656 0.1167
3 0.7078 0.0806 0.0625 0.1111