0 0.5172 0.7722 0.1312 0.2222
1 0.3625 0.8833 0.1281 0.2278
3 0.9719 0.6278 0.0562 0.1611
3 0.5234 0.475 0.0938 0.1667
1 0.8234 0.8806 0.1312 0.2333
0 0.05 0.4861 0.1 0.1833
3 0.6 0.4889 0.0781 0.1389
2 0.0094 0.2083 0.0188 0.2278
1 0.7438 0.7806 0.1188 0.2111
1 0.3578 0.1139 0.125 0.2222
0 0.2109 0.9 0.1 0.0278
1 0.9516 0.1306 0.0969 0.2556
2 0.8281 0.6417 0.2438 0.4778
2 0.9531 0.8389 0.0938 0.3167
0 0.1984 0.6083 0.175 0.1111
1 0.5969 0.6139 0.1281 0.2278
3 0.9758 0.3583 0.0484 0.1167
3 0.7516 0.0806 0.0625 0.1111