0 0.5609 0.7722 0.1312 0.2222
1 0.4062 0.8833 0.1281 0.2278
3 0.9938 0.6278 0.0125 0.1611
3 0.5672 0.475 0.0938 0.1667
1 0.8672 0.8806 0.1312 0.2333
0 0.0719 0.4861 0.1438 0.1833
3 0.6438 0.4889 0.0781 0.1389
2 0.0312 0.2083 0.0625 0.2278
1 0.7875 0.7806 0.1188 0.2111
1 0.4016 0.1139 0.125 0.2222
0 0.2547 0.9 0.1 0.0278
1 0.9734 0.1306 0.0531 0.2556
2 0.8719 0.6417 0.2438 0.4778
2 0.975 0.8389 0.05 0.3167
0 0.2422 0.6083 0.175 0.1111
1 0.6406 0.6139 0.1281 0.2278
3 0.9977 0.3583 0.0047 0.1167
3 0.7953 0.0806 0.0625 0.1111