0 0.6047 0.7722 0.1312 0.2222
1 0.45 0.8833 0.1281 0.2278
3 0.6109 0.475 0.0938 0.1667
1 0.9109 0.8806 0.1312 0.2333
0 0.0938 0.4861 0.1875 0.1833
3 0.6875 0.4889 0.0781 0.1389
3 0.0078 0.9028 0.0156 0.15
2 0.0625 0.2083 0.0875 0.2278
1 0.8312 0.7806 0.1188 0.2111
1 0.4453 0.1139 0.125 0.2222
0 0.2984 0.9 0.1 0.0278
1 0.9953 0.1306 0.0094 0.2556
2 0.8969 0.6417 0.2062 0.4778
2 0.9969 0.8389 0.0062 0.3167
0 0.2859 0.6083 0.175 0.1111
1 0.6844 0.6139 0.1281 0.2278
3 0.8391 0.0806 0.0625 0.1111