0 0.9883 0.7722 0.0234 0.2222
1 0.8875 0.8833 0.1281 0.2278
3 0.1 0.7583 0.0812 0.1444
0 0.0391 0.2056 0.0781 0.1222
0 0.0078 0.7583 0.0156 0.1278
0 0.4922 0.4861 0.2656 0.1833
3 0.4109 0.9028 0.0844 0.15
3 0.2578 0.4778 0.0781 0.1389
2 0.5 0.2083 0.0875 0.2278
1 0.8828 0.1139 0.125 0.2222
0 0.7359 0.9 0.1 0.0278
3 0.0344 0.8944 0.0688 0.1389
0 0.1109 0.6333 0.2219 0.1444
0 0.0797 0.6139 0.1594 0.1722
0 0.7234 0.6083 0.175 0.1111
3 0.0297 0.35 0.0594 0.15
0 0.3359 0.3417 0.0844 0.1389