2 0.0859 0.8417 0.1719 0.3111
3 0.4062 0.7583 0.0812 0.1444
0 0.3297 0.2056 0.1094 0.1222
0 0.2562 0.7583 0.1312 0.1278
0 0.7984 0.4861 0.2656 0.1833
3 0.7172 0.9028 0.0844 0.15
3 0.5641 0.4778 0.0781 0.1389
2 0.8062 0.2083 0.0875 0.2278
0 0.9961 0.9 0.0078 0.0278
3 0.1797 0.7694 0.0812 0.1444
3 0.3359 0.8944 0.0781 0.1389
0 0.4156 0.6333 0.225 0.1444
0 0.3219 0.6139 0.2875 0.1722
1 0.0969 0.3389 0.1406 0.25
0 0.9711 0.6083 0.0578 0.1111
3 0.3234 0.35 0.0844 0.15
0 0.6422 0.3417 0.0844 0.1389