1 0.1875 0.1917 0.0875 0.1556
0 0.6531 0.2056 0.15 0.25
3 0.4188 0.075 0.0812 0.1444
3 0.8109 0.5028 0.0906 0.1611
1 0.1891 0.4806 0.1281 0.2278
2 0.4219 0.625 0.1594 0.1889
3 0.3422 0.475 0.0688 0.1222
2 0.0828 0.275 0.1656 0.5444
2 0.5141 0.3417 0.2031 0.2944
2 0.6703 0.3361 0.1406 0.4556
3 0.1109 0.1972 0.0938 0.1667
2 0.8172 0.2556 0.1594 0.5056
0 0.9406 0.1528 0.1188 0.3
1 0.5 0.2056 0.1062 0.1889
0 0.5797 0.7667 0.2125 0.15
1 0.7453 0.1056 0.1156 0.2056
2 0.0766 0.8861 0.1531 0.15
1 0.0078 0.7778 0.0156 0.1778
2 0.0141 0.2194 0.0281 0.2389
3 0.7391 0.3306 0.0656 0.1167
2 0.9047 0.3361 0.1344 0.4444
0 0.9914 0.9083 0.0172 0.1556
0 0.8969 0.6361 0.0719 0.2167