3 0.3875 0.2139 0.0781 0.1389
3 0.0578 0.7583 0.0812 0.1444
2 0.45 0.7056 0.3031 0.5833
0 0.5297 0.2222 0.1062 0.4389
2 0.6203 0.6083 0.3 0.2278
1 0.2906 0.8806 0.1312 0.2333
3 0.7641 0.6083 0.0688 0.1222
0 0.7781 0.2167 0.1094 0.1722
0 0.5328 0.4833 0.1219 0.2
0 0.0367 0.225 0.0734 0.3389
2 0.9672 0.2139 0.0656 0.4222
3 0.2297 0.6361 0.0719 0.1278
1 0.1516 0.4694 0.125 0.2222
3 0.0195 0.0861 0.0391 0.1667
1 0.3719 0.7611 0.125 0.2222
0 0.2969 0.7611 0.1875 0.1667
1 0.0164 0.3639 0.0328 0.1889
1 0.3062 0.4806 0.1062 0.1889
0 0.0836 0.1528 0.1672 0.3
3 0.4469 0.0583 0.0625 0.1111