0 0.5219 0.5028 0.0812 0.1444
1 0.6078 0.5028 0.0938 0.1667
2 0.9812 0.2 0.0375 0.3333
0 0.4375 0.3528 0.1969 0.3667
2 0.0422 0.5028 0.0844 0.2333
1 0.9617 0.1111 0.0766 0.2167
1 0.4562 0.2056 0.1219 0.2167
0 0.5172 0.9056 0.0844 0.1333
1 0.3672 0.7611 0.1125 0.2
0 0.7562 0.75 0.1281 0.2722
2 0.1344 0.3444 0.1531 0.3722
3 0.9852 0.625 0.0297 0.1056
0 0.1422 0.4778 0.1594 0.2944
3 0.9844 0.2 0.0312 0.1111
1 0.3766 0.8944 0.1156 0.2056
0 0.7578 0.4917 0.0875 0.1556
3 0.9797 0.9028 0.0406 0.1556
2 0.9062 0.6167 0.125 0.15