0 0.375 0.2111 0.1844 0.3444
2 0.7766 0.2 0.275 0.3
3 0.2312 0.7667 0.0812 0.1444
0 0.8594 0.2139 0.1594 0.1889
0 0.1469 0.3611 0.0906 0.1556
2 0.893 0.25 0.2141 0.4944
1 0.4578 0.1972 0.1188 0.2111
0 0.0328 0.2 0.0656 0.1167
1 0.8516 0.6139 0.1188 0.2111
3 0.8516 0.3444 0.0781 0.1389
1 0.4641 0.4944 0.1312 0.2333
0 0.1422 0.6139 0.1312 0.2389
1 0.9477 0.7722 0.1047 0.2611
1 0.6969 0.9111 0.0969 0.1722
1 0.6844 0.6417 0.0938 0.1667
2 0.9602 0.0889 0.0797 0.1722
0 0.3109 0.2111 0.2438 0.4167
1 0.9312 0.1972 0.1094 0.1944
2 0.9758 0.2167 0.0484 0.1556
3 0.4641 0.0778 0.0844 0.15
0 0.043 0.7528 0.0859 0.3056