1 0.3188 0.1917 0.0875 0.1556
2 0.0141 0.2 0.0281 0.3333
0 0.7844 0.2056 0.15 0.25
3 0.55 0.075 0.0812 0.1444
3 0.9422 0.5028 0.0906 0.1611
1 0.3203 0.4806 0.1281 0.2278
2 0.5531 0.625 0.1594 0.1889
3 0.4734 0.475 0.0688 0.1222
2 0.1625 0.275 0.2688 0.5444
2 0.6453 0.3417 0.2031 0.2944
2 0.8016 0.3361 0.1406 0.4556
3 0.2422 0.1972 0.0938 0.1667
2 0.9344 0.2556 0.1312 0.5056
1 0.6312 0.2056 0.1062 0.1889
0 0.7109 0.7667 0.2125 0.15
1 0.8766 0.1056 0.1156 0.2056
0 0.0367 0.9139 0.0734 0.1222
2 0.1688 0.8861 0.2312 0.15
1 0.0969 0.7778 0.1 0.1778
2 0.0859 0.2194 0.1469 0.2389
3 0.8703 0.3306 0.0656 0.1167
2 0.9844 0.3361 0.0312 0.4444
0 0.9961 0.6361 0.0078 0.2167