1 0.8688 0.3417 0.0938 0.1667
3 0.0289 0.3583 0.0578 0.1667
1 0.6391 0.9139 0.0938 0.1667
3 0.2484 0.3472 0.0688 0.1222
0 0.1781 0.8222 0.1875 0.35
3 0.0859 0.6111 0.0906 0.1611
2 0.1086 0.2444 0.2172 0.4833
3 0.6391 0.3556 0.0875 0.1556
0 0.5641 0.0694 0.1156 0.0889
1 0.5578 0.6083 0.125 0.2222
1 0.8688 0.2056 0.0875 0.1556
3 0.1031 0.7667 0.0844 0.15
1 0.7219 0.4806 0.1031 0.1833
1 0.9797 0.3639 0.0406 0.2333
2 0.0148 0.7611 0.0297 0.4722
2 0.5672 0.2472 0.1312 0.4889
0 0.7875 0.625 0.0938 0.1778
3 0.7875 0.3417 0.0812 0.1444
0 0.3266 0.2083 0.0812 0.0667