1 0.7984 0.3333 0.1406 0.25
1 0.1797 0.7667 0.0906 0.1611
1 0.4078 0.0917 0.1 0.1778
0 0.65 0.8861 0.1906 0.2222
2 0.8734 0.7722 0.0875 0.2444
2 0.6547 0.4778 0.2 0.2556
0 0.1828 0.6306 0.075 0.1667
2 0.9969 0.5028 0.0062 0.2333
2 0.7188 0.7694 0.1094 0.2278
1 0.6406 0.0833 0.0906 0.1611
0 0.325 0.3333 0.2 0.2111
2 0.5609 0.3306 0.0781 0.1611
2 0.3391 0.6361 0.1312 0.5889
0 0.7219 0.2056 0.1562 0.2722
0 0.4922 0.7722 0.2312 0.2944
1 0.4891 0.1028 0.1125 0.2
0 0.4109 0.6361 0.0562 0.2722
1 0.8734 0.2139 0.1469 0.2611
2 0.8828 0.1417 0.1969 0.2778
0 0.5672 0.6417 0.125 0.2444
0 0.9359 0.3389 0.1281 0.1889