1 0.9961 0.1972 0.0078 0.2333
3 0.7469 0.4722 0.0719 0.1278
0 0.0578 0.2056 0.1156 0.25
3 0.1984 0.5028 0.0906 0.1611
2 0.9859 0.85 0.0281 0.2944
2 0.0016 0.3417 0.0031 0.2944
0 0.8312 0.6361 0.2406 0.3667
2 0.0641 0.3361 0.1281 0.4556
0 0.9 0.3556 0.0656 0.1389
2 0.2047 0.2556 0.1594 0.5056
0 0.3547 0.1528 0.1719 0.3
2 0.5891 0.7667 0.1344 0.3111
0 0.0367 0.7667 0.0734 0.15
0 0.7562 0.3639 0.1438 0.2111
1 0.1328 0.1056 0.1156 0.2056
2 0.8312 0.8667 0.1281 0.2611
0 0.5906 0.4778 0.0875 0.1444
2 0.7578 0.2667 0.2719 0.5278
3 0.8391 0.7722 0.0688 0.1222
3 0.675 0.1944 0.0969 0.1722
3 0.4359 0.0833 0.0906 0.1611
3 0.1266 0.3306 0.0656 0.1167
2 0.2922 0.3361 0.1344 0.4444
0 0.4391 0.9083 0.1375 0.1556
0 0.2844 0.6361 0.0719 0.2167