0 0.1281 0.5028 0.0812 0.1444
1 0.2141 0.5028 0.0938 0.1667
2 0.6703 0.2 0.2031 0.3333
0 0.0711 0.3528 0.1422 0.3667
2 0.8859 0.275 0.2281 0.5444
3 0.9695 0.1972 0.0609 0.1667
1 0.5906 0.1111 0.1219 0.2167
1 0.0625 0.2056 0.1219 0.2167
0 0.1234 0.9056 0.0844 0.1333
1 0.0148 0.7611 0.0297 0.2
0 0.3625 0.75 0.1281 0.2722
3 0.6062 0.625 0.0594 0.1056
0 0.75 0.9139 0.1344 0.1222
2 0.8984 0.8861 0.2031 0.15
1 0.8406 0.7778 0.1 0.1778
2 0.8297 0.2194 0.1469 0.2389
3 0.6062 0.2 0.0625 0.1111
1 0.0203 0.8944 0.0406 0.2056
0 0.3641 0.4917 0.0875 0.1556
3 0.6094 0.9028 0.0875 0.1556
2 0.5125 0.6167 0.125 0.15