1 0.7375 0.3417 0.0938 0.1667
1 0.5078 0.9139 0.0938 0.1667
3 0.1172 0.3472 0.0688 0.1222
0 0.0703 0.8222 0.1406 0.35
2 0.9375 0.6194 0.125 0.2722
2 0.043 0.2444 0.0859 0.4833
3 0.5078 0.3556 0.0875 0.1556
0 0.4328 0.0694 0.1156 0.0889
1 0.4266 0.6083 0.125 0.2222
1 0.7375 0.2056 0.0875 0.1556
3 0.007 0.7667 0.0141 0.15
1 0.5906 0.4806 0.1031 0.1833
1 0.8938 0.3639 0.1312 0.2333
2 0.4359 0.2472 0.1312 0.4889
0 0.6562 0.625 0.0938 0.1778
3 0.6562 0.3417 0.0812 0.1444
0 0.1953 0.2083 0.0812 0.0667