0 0.3906 0.5028 0.0812 0.1444
1 0.4766 0.5028 0.0938 0.1667
2 0.9156 0.2 0.1688 0.3333
0 0.3062 0.3528 0.1969 0.3667
1 0.8531 0.1111 0.1219 0.2167
1 0.325 0.2056 0.1219 0.2167
0 0.3859 0.9056 0.0844 0.1333
1 0.2359 0.7611 0.1125 0.2
0 0.625 0.75 0.1281 0.2722
2 0.0398 0.3444 0.0797 0.3722
3 0.8688 0.625 0.0594 0.1056
0 0.0453 0.4778 0.0906 0.2944
0 0.9727 0.9139 0.0547 0.1222
3 0.8688 0.2 0.0625 0.1111
1 0.2453 0.8944 0.1156 0.2056
0 0.6266 0.4917 0.0875 0.1556
3 0.8719 0.9028 0.0875 0.1556
2 0.775 0.6167 0.125 0.15