3 0.4719 0.6222 0.075 0.1333
3 0.0188 0.2083 0.0375 0.1111
3 0.4688 0.0861 0.0594 0.1056
1 0.7781 0.8806 0.1312 0.2333
0 0.8531 0.4944 0.1125 0.2056
2 0.3078 0.6139 0.1156 0.2056
1 0.5391 0.1972 0.1094 0.1944
0 0.9609 0.1194 0.0781 0.2333
3 0.6188 0.2167 0.0812 0.1444
2 0.1469 0.6139 0.1344 0.2889
0 0.5484 0.3333 0.1188 0.1944
1 0.0289 0.75 0.0578 0.2389
0 0.8625 0.7528 0.0812 0.1389
1 0.2281 0.3639 0.0906 0.1611
2 0.9344 0.8028 0.1312 0.3889
1 0.5422 0.625 0.1125 0.2
3 0.3812 0.8861 0.0781 0.1389