3 0.8125 0.5028 0.0969 0.1722
0 0.1859 0.9056 0.1406 0.1833
0 0.007 0.7722 0.0141 0.1944
1 0.5922 0.7611 0.1312 0.2333
2 0.7312 0.4972 0.3188 0.9889
2 0.3531 0.3639 0.1531 0.2722
2 0.7375 0.3611 0.1469 0.3556
1 0.6578 0.4917 0.1469 0.2611
1 0.0523 0.4917 0.1047 0.25
3 0.0016 0.6222 0.0031 0.1389
1 0.5016 0.3528 0.1062 0.1889
0 0.8266 0.85 0.1188 0.2944
2 0.8172 0.7417 0.2281 0.5111
2 0.2781 0.1806 0.2688 0.3556
2 0.5125 0.6333 0.1156 0.2
2 0.0047 0.1 0.0094 0.1944
0 0.8898 0.8667 0.2203 0.2611
3 0.1172 0.6389 0.0812 0.1444
2 0.0852 0.2972 0.1703 0.5889