3 0.9906 0.225 0.0188 0.1333
2 0.1141 0.4944 0.2281 0.3556
1 0.1703 0.8861 0.0875 0.1556
2 0.0844 0.7778 0.1688 0.2556
0 0.1625 0.7722 0.1531 0.2444
0 0.7875 0.2083 0.2906 0.2222
3 0.1641 0.0861 0.0938 0.1667
2 0.5531 0.8444 0.1219 0.3056
1 0.6422 0.3333 0.1375 0.2444
3 0.6375 0.9194 0.0875 0.1556
1 0.3188 0.6222 0.1469 0.2611
1 0.7203 0.4972 0.1438 0.2556
3 0.6281 0.2194 0.0906 0.1611
1 0.2406 0.3361 0.1156 0.2056
2 0.0359 0.6361 0.0719 0.5722
0 0.2453 0.7472 0.1125 0.1778
1 0.5609 0.4889 0.1219 0.2167
2 0.7219 0.1667 0.1406 0.3278
1 0.3969 0.9083 0.0969 0.1722
3 0.7938 0.35 0.0688 0.1222
3 0.0875 0.625 0.0969 0.1722
3 0.4859 0.6111 0.075 0.1333
3 0.6281 0.4861 0.0594 0.1056
2 0.0922 0.7889 0.1844 0.4167
2 0.0078 0.8028 0.0156 0.3889
1 0.2391 0.2111 0.1125 0.2
0 0.4016 0.1139 0.0906 0.2222
2 0.8781 0.4861 0.1875 0.5222