2 0.0656 0.3556 0.1312 0.2111
2 0.3938 0.4778 0.2094 0.4444
2 0.7172 0.6333 0.1594 0.3944
2 0.7203 0.1444 0.2438 0.2833
2 0.5469 0.775 0.1156 0.2222
3 0.4703 0.0889 0.0969 0.1722
2 0.4094 0.35 0.2188 0.6944
0 0.7094 0.7639 0.1094 0.1833
0 0.6406 0.2167 0.2312 0.4111
1 0.4734 0.7583 0.1469 0.2611
2 0.0797 0.3528 0.1375 0.2444
1 0.9352 0.8722 0.1297 0.25
1 0.7812 0.3528 0.1312 0.2333
1 0.7969 0.5028 0.1219 0.2167
1 0.0312 0.7667 0.0625 0.1722
2 0.9656 0.675 0.0688 0.6444
1 0.9414 0.6083 0.1172 0.2611
2 0.2453 0.475 0.2656 0.5833