1 0.3141 0.1972 0.1312 0.2333
0 0.4031 0.2 0.225 0.3944
3 0.0195 0.4722 0.0391 0.1278
2 0.7922 0.4944 0.2719 0.3556
1 0.8703 0.8861 0.0875 0.1556
2 0.7828 0.7778 0.1719 0.2556
0 0.8625 0.7722 0.1531 0.2444
2 0.3297 0.85 0.2031 0.2944
3 0.8641 0.0861 0.0938 0.1667
0 0.1039 0.6361 0.2078 0.3667
2 0.4781 0.2139 0.2406 0.1889
0 0.1562 0.3556 0.0656 0.1389
1 0.9727 0.6222 0.0547 0.2611
1 0.9406 0.3361 0.1156 0.2056
1 0.5594 0.6389 0.0969 0.1722
2 0.6266 0.6361 0.2906 0.5722
0 0.9445 0.7472 0.1109 0.1778
0 0.0422 0.3639 0.0844 0.2111
2 0.0875 0.8667 0.1281 0.2611
3 0.3188 0.35 0.0625 0.1111
2 0.075 0.2667 0.15 0.5278
3 0.0953 0.7722 0.0688 0.1222
3 0.7875 0.625 0.0969 0.1722
2 0.7859 0.7889 0.1969 0.4167
2 0.5625 0.8028 0.3062 0.3889
1 0.9391 0.2111 0.1125 0.2