2 0.1 0.5028 0.1062 0.2722
0 0.4875 0.0917 0.0688 0.1778
3 0.9953 0.3417 0.0094 0.1444
0 0.0484 0.2167 0.0969 0.2889
1 0.4906 0.7556 0.1156 0.2056
3 0.725 0.9167 0.0688 0.1222
0 0.0242 0.4694 0.0484 0.1333
3 0.0938 0.0778 0.0844 0.15
0 0.1211 0.3444 0.2422 0.2222
3 0.4109 0.3556 0.0656 0.1167
0 0.3234 0.6417 0.0719 0.1333
2 0.4859 0.35 0.1219 0.2389
2 0.3297 0.1528 0.0906 0.3
1 0.7109 0.0917 0.1 0.1778
0 0.7156 0.2056 0.0625 0.2889
2 0.1688 0.7583 0.175 0.3444
3 0.2422 0.9028 0.0844 0.15
1 0.5656 0.2028 0.1375 0.2444
2 0.9773 0.7167 0.0453 0.5611
1 0.8 0.2167 0.0969 0.1722
1 0.9938 0.0889 0.0125 0.1722
3 0.3359 0.2111 0.0844 0.15
3 0.9602 0.2 0.0797 0.15