1 0.825 0.3417 0.0938 0.1667
3 0.007 0.3583 0.0141 0.1667
1 0.5953 0.9139 0.0938 0.1667
3 0.2047 0.3472 0.0688 0.1222
0 0.1344 0.8222 0.1875 0.35
2 0.9812 0.6194 0.0375 0.2722
3 0.0438 0.6111 0.0875 0.1611
2 0.0867 0.2444 0.1734 0.4833
3 0.5953 0.3556 0.0875 0.1556
0 0.5203 0.0694 0.1156 0.0889
1 0.5141 0.6083 0.125 0.2222
1 0.825 0.2056 0.0875 0.1556
3 0.0594 0.7667 0.0844 0.15
1 0.6781 0.4806 0.1031 0.1833
1 0.9578 0.3639 0.0844 0.2333
2 0.5234 0.2472 0.1312 0.4889
0 0.7438 0.625 0.0938 0.1778
3 0.7438 0.3417 0.0812 0.1444
0 0.2828 0.2083 0.0812 0.0667