2 0.5516 0.1111 0.1094 0.2167
0 0.8594 0.4778 0.1 0.1778
2 0.8562 0.7722 0.1031 0.3389
0 0.0781 0.75 0.0844 0.1722
2 0.8586 0.6333 0.2828 0.2889
0 0.7078 0.3472 0.0875 0.15
3 0.5469 0.4972 0.0688 0.1222
1 0.6406 0.3361 0.0906 0.1611
0 0.9898 0.3417 0.0203 0.15
0 0.3875 0.4694 0.0719 0.1833
3 0.0266 0.6139 0.0531 0.15
1 0.2328 0.6222 0.1094 0.1944
3 0.4016 0.6306 0.0844 0.15
3 0.3094 0.3611 0.0969 0.1722
1 0.4672 0.8889 0.1219 0.2167
3 0.3172 0.1917 0.075 0.1333
3 0.0766 0.4889 0.0969 0.1722
2 0.0367 0.1028 0.0734 0.2
0 0.2406 0.3556 0.1938 0.3667
2 0.8594 0.8556 0.2156 0.2833