3 0.5625 0.2139 0.0781 0.1389
3 0.2328 0.7583 0.0812 0.1444
2 0.625 0.7056 0.3031 0.5833
0 0.7047 0.2222 0.1062 0.4389
2 0.7953 0.6083 0.3 0.2278
1 0.4656 0.8806 0.1312 0.2333
3 0.9391 0.6083 0.0688 0.1222
0 0.0523 0.1806 0.1047 0.3556
0 0.9492 0.2167 0.1016 0.1722
0 0.7078 0.4833 0.1219 0.2
0 0.1641 0.225 0.1688 0.3389
3 0.4047 0.6361 0.0719 0.1278
1 0.3266 0.4694 0.125 0.2222
3 0.1672 0.0861 0.0938 0.1667
1 0.5469 0.7611 0.125 0.2222
0 0.4719 0.7611 0.1875 0.1667
1 0.1547 0.3639 0.1062 0.1889
1 0.4812 0.4806 0.1062 0.1889
0 0.2453 0.1528 0.1938 0.3
0 0.0266 0.2056 0.0531 0.1611
3 0.6219 0.0583 0.0625 0.1111