0 0.4188 0.2111 0.1844 0.3444
2 0.8203 0.2 0.275 0.3
3 0.275 0.7667 0.0812 0.1444
0 0.9031 0.2139 0.1594 0.1889
0 0.1906 0.3611 0.0906 0.1556
2 0.9148 0.25 0.1703 0.4944
1 0.5016 0.1972 0.1188 0.2111
0 0.0547 0.2 0.1094 0.1167
1 0.8953 0.6139 0.1188 0.2111
3 0.8953 0.3444 0.0781 0.1389
1 0.5078 0.4944 0.1312 0.2333
0 0.1859 0.6139 0.1312 0.2389
1 0.9695 0.7722 0.0609 0.2611
1 0.7406 0.9111 0.0969 0.1722
1 0.7281 0.6417 0.0938 0.1667
2 0.982 0.0889 0.0359 0.1722
0 0.3547 0.2111 0.2438 0.4167
1 0.9602 0.1972 0.0797 0.1944
2 0.9977 0.2167 0.0047 0.1556
3 0.5078 0.0778 0.0844 0.15
0 0.0648 0.7528 0.1297 0.3056