3 0.9 0.5028 0.0969 0.1722
0 0.2734 0.9056 0.1406 0.1833
0 0.0508 0.7722 0.1016 0.1944
1 0.6797 0.7611 0.1312 0.2333
2 0.8188 0.4972 0.3188 0.9889
2 0.4406 0.3639 0.1531 0.2722
2 0.825 0.3611 0.1469 0.3556
1 0.7453 0.4917 0.1469 0.2611
1 0.1219 0.4917 0.1406 0.25
3 0.0516 0.6222 0.0781 0.1389
1 0.5891 0.3528 0.1062 0.1889
0 0.9141 0.85 0.1188 0.2944
2 0.8953 0.7417 0.2094 0.5111
2 0.3656 0.1806 0.2688 0.3556
2 0.6 0.6333 0.1156 0.2
2 0.0484 0.1 0.0969 0.1944
0 0.9336 0.8667 0.1328 0.2611
3 0.2047 0.6389 0.0812 0.1444
3 0.0055 0.3639 0.0109 0.1333
2 0.1289 0.2972 0.2578 0.5889