2 0.4062 0.5028 0.1062 0.2722
0 0.7938 0.0917 0.0688 0.1778
0 0.3219 0.2167 0.1625 0.2889
1 0.7969 0.7556 0.1156 0.2056
3 0.9984 0.9167 0.0031 0.1222
3 0.0828 0.6417 0.075 0.1333
2 0.0953 0.1972 0.1656 0.3889
3 0.1562 0.4889 0.0656 0.1167
3 0.0188 0.3389 0.0375 0.1056
0 0.3172 0.4694 0.075 0.1333
3 0.4 0.0778 0.0844 0.15
0 0.4031 0.3444 0.2906 0.2222
3 0.7172 0.3556 0.0656 0.1167
2 0.0797 0.35 0.1594 0.4389
0 0.6297 0.6417 0.0719 0.1333
2 0.7922 0.35 0.1219 0.2389
2 0.6359 0.1528 0.0906 0.3
1 0.9836 0.0917 0.0328 0.1778
0 0.9953 0.2056 0.0094 0.2889
2 0.475 0.7583 0.175 0.3444
2 0.0688 0.2222 0.1375 0.2444
3 0.5484 0.9028 0.0844 0.15
1 0.8719 0.2028 0.1375 0.2444
3 0.6422 0.2111 0.0844 0.15