0 0.0172 0.2 0.0344 0.3944
2 0.3109 0.4944 0.2719 0.3556
1 0.3891 0.8861 0.0875 0.1556
2 0.3016 0.7778 0.1719 0.2556
0 0.3812 0.7722 0.1531 0.2444
0 0.9305 0.2083 0.1391 0.2222
3 0.3828 0.0861 0.0938 0.1667
2 0.7719 0.8444 0.1219 0.3056
1 0.8609 0.3333 0.1375 0.2444
3 0.8562 0.9194 0.0875 0.1556
2 0.0586 0.2139 0.1172 0.1889
1 0.5375 0.6222 0.1469 0.2611
1 0.9336 0.4972 0.1328 0.2556
3 0.8469 0.2194 0.0906 0.1611
1 0.4594 0.3361 0.1156 0.2056
1 0.0781 0.6389 0.0969 0.1722
2 0.1453 0.6361 0.2906 0.5722
0 0.4641 0.7472 0.1125 0.1778
1 0.7797 0.4889 0.1219 0.2167
2 0.9352 0.1667 0.1297 0.3278
1 0.6156 0.9083 0.0969 0.1722
3 0.9891 0.35 0.0219 0.1222
3 0.3062 0.625 0.0969 0.1722
3 0.7047 0.6111 0.075 0.1333
3 0.8469 0.4861 0.0594 0.1056
2 0.3047 0.7889 0.1969 0.4167
2 0.1172 0.8028 0.2344 0.3889
1 0.4578 0.2111 0.1125 0.2
0 0.6203 0.1139 0.0906 0.2222