3 0.8344 0.4722 0.0719 0.1278
0 0.1281 0.2056 0.15 0.25
3 0.2859 0.5028 0.0906 0.1611
2 0.0453 0.3417 0.0906 0.2944
0 0.8992 0.6361 0.2016 0.3667
2 0.1453 0.3361 0.1406 0.4556
0 0.9773 0.3556 0.0453 0.1389
2 0.2922 0.2556 0.1594 0.5056
0 0.4422 0.1528 0.1719 0.3
2 0.6766 0.7667 0.1344 0.3111
1 0.0141 0.2056 0.0281 0.1889
0 0.0805 0.7667 0.1609 0.15
0 0.8438 0.3639 0.1438 0.2111
1 0.2203 0.1056 0.1156 0.2056
2 0.9188 0.8667 0.1281 0.2611
0 0.6781 0.4778 0.0875 0.1444
2 0.8453 0.2667 0.2719 0.5278
3 0.9266 0.7722 0.0688 0.1222
3 0.7625 0.1944 0.0969 0.1722
3 0.5234 0.0833 0.0906 0.1611
3 0.2141 0.3306 0.0656 0.1167
2 0.3797 0.3361 0.1344 0.4444
0 0.5266 0.9083 0.1375 0.1556
0 0.3719 0.6361 0.0719 0.2167