1 0.5188 0.3417 0.0938 0.1667
1 0.2891 0.9139 0.0938 0.1667
3 0.925 0.2083 0.0625 0.1111
2 0.7531 0.6194 0.1938 0.2722
3 0.2891 0.3556 0.0875 0.1556
0 0.2141 0.0694 0.1156 0.0889
2 0.8281 0.7722 0.0781 0.1667
2 0.9992 0.6139 0.0016 0.2889
1 0.2078 0.6083 0.125 0.2222
1 0.5188 0.2056 0.0875 0.1556
1 0.3719 0.4806 0.1031 0.1833
1 0.9094 0.75 0.1344 0.2389
1 0.675 0.3639 0.1312 0.2333
2 0.2172 0.2472 0.1312 0.4889
0 0.4375 0.625 0.0938 0.1778
3 0.4375 0.3417 0.0812 0.1444
0 0.0086 0.2083 0.0172 0.0667