1 0.6641 0.7722 0.1188 0.2111
3 0.5062 0.3417 0.0812 0.1444
1 0.0117 0.7556 0.0234 0.2056
3 0.2 0.9167 0.0688 0.1222
3 0.9 0.9056 0.0938 0.1667
1 0.5922 0.1028 0.1125 0.2
2 0.9 0.4806 0.2 0.4833
2 0.8891 0.1111 0.2219 0.2167
2 0.8234 0.6167 0.1719 0.2278
2 0.0109 0.35 0.0219 0.2389
1 0.1859 0.0917 0.1 0.1778
0 0.1906 0.2056 0.0625 0.2889
1 0.9062 0.1972 0.1375 0.2444
1 0.0547 0.2028 0.1094 0.2444
2 0.5844 0.7167 0.3094 0.5611
1 0.275 0.2167 0.0969 0.1722
1 0.5109 0.0889 0.0969 0.1722
2 0.6562 0.2139 0.1781 0.3111
3 0.4375 0.2 0.0844 0.15
0 0.9773 0.775 0.0453 0.3389