1 0.0367 0.1972 0.0734 0.2333
0 0.1047 0.2 0.2094 0.3944
2 0.4859 0.4944 0.2719 0.3556
1 0.5641 0.8861 0.0875 0.1556
2 0.4766 0.7778 0.1719 0.2556
0 0.5562 0.7722 0.1531 0.2444
2 0.0625 0.85 0.125 0.2944
3 0.5578 0.0861 0.0938 0.1667
2 0.943 0.8444 0.1141 0.3056
1 0.9836 0.3333 0.0328 0.2444
3 0.9938 0.9194 0.0125 0.1556
2 0.1719 0.2139 0.2406 0.1889
1 0.7125 0.6222 0.1469 0.2611
3 0.9883 0.2194 0.0234 0.1611
1 0.6344 0.3361 0.1156 0.2056
1 0.2531 0.6389 0.0969 0.1722
2 0.3203 0.6361 0.2906 0.5722
0 0.6391 0.7472 0.1125 0.1778
1 0.9469 0.4889 0.1062 0.2167
3 0.0219 0.35 0.0438 0.1111
1 0.7906 0.9083 0.0969 0.1722
3 0.4812 0.625 0.0969 0.1722
3 0.8797 0.6111 0.075 0.1333
3 0.9961 0.4861 0.0078 0.1056
2 0.4797 0.7889 0.1969 0.4167
2 0.2562 0.8028 0.3062 0.3889
1 0.6328 0.2111 0.1125 0.2
0 0.7953 0.1139 0.0906 0.2222