1 0.7078 0.1972 0.1312 0.2333
0 0.7969 0.2 0.225 0.3944
3 0.3969 0.4722 0.0719 0.1278
2 0.7234 0.85 0.2031 0.2944
0 0.4812 0.6361 0.2406 0.3667
2 0.8719 0.2139 0.2406 0.1889
0 0.55 0.3556 0.0656 0.1389
1 0.9523 0.6389 0.0953 0.1722
2 0.9375 0.6361 0.125 0.5722
0 0.0453 0.1528 0.0906 0.3
2 0.2391 0.7667 0.1344 0.3111
0 0.4062 0.3639 0.1438 0.2111
2 0.4812 0.8667 0.1281 0.2611
0 0.2406 0.4778 0.0875 0.1444
3 0.7125 0.35 0.0625 0.1111
2 0.4078 0.2667 0.2719 0.5278
3 0.4891 0.7722 0.0688 0.1222
3 0.325 0.1944 0.0969 0.1722
3 0.0859 0.0833 0.0906 0.1611
2 0.0047 0.3361 0.0094 0.4444
2 0.9016 0.8028 0.1969 0.3889
0 0.0891 0.9083 0.1375 0.1556