0 0.3469 0.5028 0.0812 0.1444
1 0.4328 0.5028 0.0938 0.1667
2 0.8891 0.2 0.2031 0.3333
0 0.2625 0.3528 0.1969 0.3667
2 0.9953 0.275 0.0094 0.5444
1 0.8094 0.1111 0.1219 0.2167
1 0.2812 0.2056 0.1219 0.2167
0 0.3422 0.9056 0.0844 0.1333
1 0.1922 0.7611 0.1125 0.2
0 0.5812 0.75 0.1281 0.2722
2 0.018 0.3444 0.0359 0.3722
3 0.825 0.625 0.0594 0.1056
0 0.0234 0.4778 0.0469 0.2944
0 0.9508 0.9139 0.0984 0.1222
2 0.9875 0.2194 0.025 0.2389
3 0.825 0.2 0.0625 0.1111
1 0.2016 0.8944 0.1156 0.2056
0 0.5828 0.4917 0.0875 0.1556
3 0.8281 0.9028 0.0875 0.1556
2 0.7312 0.6167 0.125 0.15