1 0.4938 0.1917 0.0875 0.1556
2 0.1016 0.2 0.2031 0.3333
0 0.9422 0.2056 0.1156 0.25
3 0.725 0.075 0.0812 0.1444
1 0.4953 0.4806 0.1281 0.2278
2 0.7281 0.625 0.1594 0.1889
3 0.6484 0.475 0.0688 0.1222
2 0.3375 0.275 0.2688 0.5444
2 0.8203 0.3417 0.2031 0.2944
2 0.9531 0.3361 0.0938 0.4556
3 0.4172 0.1972 0.0938 0.1667
1 0.0414 0.1111 0.0828 0.2167
1 0.8062 0.2056 0.1062 0.1889
0 0.8859 0.7667 0.2125 0.15
1 0.9969 0.1056 0.0062 0.2056
3 0.0375 0.625 0.0594 0.1056
0 0.1812 0.9139 0.1344 0.1222
2 0.3438 0.8861 0.2312 0.15
1 0.2719 0.7778 0.1 0.1778
2 0.2609 0.2194 0.1469 0.2389
3 0.0375 0.2 0.0625 0.1111
3 0.0422 0.9028 0.0844 0.1556
2 0.0031 0.6167 0.0062 0.15