3 0.0594 0.7667 0.075 0.1333
3 0.5156 0.35 0.0594 0.1056
2 0.0562 0.3389 0.1125 0.4833
1 0.6016 0.4722 0.1438 0.2556
2 0.5969 0.7722 0.1469 0.3
0 0.7594 0.7611 0.1781 0.1
1 0.6859 0.9028 0.0969 0.1722
1 0.2094 0.1972 0.1188 0.2111
1 0.2172 0.9 0.1 0.1778
2 0.0641 0.6083 0.1281 0.1944
1 0.6078 0.6167 0.1 0.1778
0 0.675 0.5028 0.1844 0.3278
0 0.2781 0.4694 0.2156 0.3556
0 0.2812 0.1528 0.2125 0.3
1 0.4438 0.9056 0.1031 0.1833
0 0.0516 0.0889 0.075 0.1722
2 0.1359 0.1944 0.1 0.3833
0 0.5172 0.1361 0.1625 0.2667
0 0.957 0.1944 0.0859 0.2556
1 0.9172 0.9 0.0906 0.1611
2 0.025 0.675 0.05 0.6444