1 0.7266 0.8722 0.1406 0.25
2 0.0445 0.4972 0.0891 0.3778
2 0.1844 0.2 0.1656 0.2389
0 0.3391 0.2139 0.0875 0.2278
2 0.8891 0.3556 0.2219 0.2111
0 0.5781 0.5028 0.0688 0.3222
2 0.0391 0.35 0.0781 0.4778
2 0.1875 0.8056 0.1375 0.3833
2 0.943 0.3528 0.1141 0.2444
3 0.7328 0.3639 0.0719 0.1278
3 0.7297 0.225 0.0688 0.1222
0 0.4094 0.0861 0.1031 0.1611
1 0.2594 0.35 0.1281 0.2278
3 0.7984 0.0833 0.0875 0.1556
1 0.8891 0.7667 0.0969 0.1722
0 0.175 0.4806 0.1594 0.2722
2 0.0062 0.6417 0.0125 0.3389
2 0.9938 0.475 0.0125 0.5833