0 0.9156 0.5028 0.0812 0.1444
1 0.0625 0.3333 0.125 0.25
1 0.9773 0.5028 0.0453 0.1667
0 0.8312 0.3528 0.1969 0.3667
0 0.0008 0.8861 0.0016 0.2222
2 0.1297 0.7722 0.0875 0.2444
2 0.0055 0.4778 0.0109 0.2556
2 0.3641 0.5028 0.2281 0.2333
2 0.0148 0.7694 0.0297 0.2278
1 0.85 0.2056 0.1219 0.2167
0 0.0281 0.2056 0.0562 0.2722
0 0.9109 0.9056 0.0844 0.1333
1 0.7609 0.7611 0.1125 0.2
2 0.5281 0.3444 0.1531 0.3722
0 0.5359 0.4778 0.1594 0.2944
1 0.1297 0.2139 0.1469 0.2611
2 0.1391 0.1417 0.1969 0.2778
1 0.7703 0.8944 0.1156 0.2056
0 0.2141 0.3389 0.1719 0.1889