1 0.0336 0.7722 0.0672 0.2111
2 0.857 0.4972 0.2859 0.3778
2 0.7875 0.8806 0.1062 0.2333
2 0.8719 0.35 0.25 0.4778
3 0.2438 0.9056 0.0938 0.1667
1 0.3938 0.8861 0.0969 0.1722
2 0.2453 0.4806 0.2031 0.4833
2 0.2422 0.1111 0.2406 0.2167
2 0.1672 0.6167 0.1719 0.2278
2 0.7922 0.3694 0.175 0.7333
1 0.25 0.1972 0.1375 0.2444
1 0.4672 0.8889 0.1188 0.2111
0 0.4766 0.3444 0.0531 0.1444
2 0.0414 0.7167 0.0828 0.5611
2 0.0445 0.2139 0.0891 0.3111
0 0.3938 0.775 0.1906 0.3389
2 0.6375 0.4917 0.1188 0.4111
2 0.8672 0.6417 0.1281 0.3389
0 0.7875 0.7556 0.1312 0.1444