1 0.6062 0.3417 0.0938 0.1667
1 0.3766 0.9139 0.0938 0.1667
3 0.0102 0.3472 0.0203 0.1222
0 0.0047 0.8222 0.0094 0.35
3 0.9906 0.2083 0.0188 0.1111
2 0.8406 0.6194 0.1938 0.2722
3 0.3766 0.3556 0.0875 0.1556
0 0.3016 0.0694 0.1156 0.0889
2 0.9156 0.7722 0.0781 0.1667
1 0.2953 0.6083 0.125 0.2222
1 0.6062 0.2056 0.0875 0.1556
1 0.4594 0.4806 0.1031 0.1833
1 0.9648 0.75 0.0703 0.2389
1 0.7625 0.3639 0.1312 0.2333
2 0.3047 0.2472 0.1312 0.4889
0 0.525 0.625 0.0938 0.1778
3 0.525 0.3417 0.0812 0.1444
0 0.0641 0.2083 0.0812 0.0667