1 0.9766 0.3417 0.0469 0.1667
3 0.1422 0.3583 0.0938 0.1667
1 0.7703 0.9139 0.0938 0.1667
3 0.3797 0.3472 0.0688 0.1222
0 0.3094 0.8222 0.1875 0.35
3 0.2172 0.6111 0.0906 0.1611
2 0.2203 0.2444 0.2562 0.4833
3 0.0195 0.9083 0.0391 0.1556
3 0.7703 0.3556 0.0875 0.1556
0 0.6953 0.0694 0.1156 0.0889
1 0.6891 0.6083 0.125 0.2222
1 0.9781 0.2056 0.0438 0.1556
3 0.2344 0.7667 0.0844 0.15
1 0.8531 0.4806 0.1031 0.1833
2 0.0805 0.7611 0.1609 0.4722
2 0.6984 0.2472 0.1312 0.4889
0 0.9188 0.625 0.0938 0.1778
3 0.9188 0.3417 0.0812 0.1444
0 0.4578 0.2083 0.0812 0.0667