3 0.6281 0.7667 0.075 0.1333
2 0.0086 0.4778 0.0172 0.4444
2 0.2359 0.6333 0.1594 0.3944
2 0.2391 0.1444 0.2438 0.2833
2 0.0656 0.775 0.1156 0.2222
3 0.0188 0.0889 0.0375 0.1722
2 0.6141 0.3389 0.1344 0.4833
2 0.0188 0.35 0.0375 0.6944
0 0.2281 0.7639 0.1094 0.1833
0 0.1594 0.2167 0.2312 0.4111
1 0.0328 0.7583 0.0656 0.2611
1 0.7781 0.1972 0.1188 0.2111
1 0.7859 0.9 0.1 0.1778
2 0.6188 0.6083 0.1562 0.1944
0 0.8469 0.4694 0.2156 0.3556
1 0.4594 0.8722 0.1406 0.25
0 0.85 0.1528 0.2125 0.3
1 0.3 0.3528 0.1312 0.2333
1 0.3156 0.5028 0.1219 0.2167
1 0.9805 0.9056 0.0391 0.1833
0 0.6203 0.0889 0.075 0.1722
2 0.7047 0.1944 0.1 0.3833
2 0.5344 0.675 0.1688 0.6444
1 0.475 0.6083 0.1469 0.2611