0 0.3312 0.2111 0.1844 0.3444
2 0.7328 0.2 0.275 0.3
3 0.1875 0.7667 0.0812 0.1444
0 0.8156 0.2139 0.1594 0.1889
0 0.1031 0.3611 0.0906 0.1556
2 0.8703 0.25 0.2562 0.4944
1 0.4141 0.1972 0.1188 0.2111
0 0.0109 0.2 0.0219 0.1167
1 0.8078 0.6139 0.1188 0.2111
3 0.8078 0.3444 0.0781 0.1389
1 0.4203 0.4944 0.1312 0.2333
0 0.0984 0.6139 0.1312 0.2389
1 0.925 0.7722 0.1469 0.2611
1 0.6531 0.9111 0.0969 0.1722
1 0.6406 0.6417 0.0938 0.1667
2 0.9375 0.0889 0.1219 0.1722
0 0.2672 0.2111 0.2438 0.4167
1 0.8875 0.1972 0.1094 0.1944
2 0.9531 0.2167 0.0906 0.1556
3 0.4203 0.0778 0.0844 0.15
0 0.0211 0.7528 0.0422 0.3056