1 0.0148 0.1972 0.0297 0.2333
0 0.0828 0.2 0.1656 0.3944
2 0.4422 0.4944 0.2719 0.3556
1 0.5203 0.8861 0.0875 0.1556
2 0.4328 0.7778 0.1719 0.2556
0 0.5125 0.7722 0.1531 0.2444
2 0.0406 0.85 0.0812 0.2944
0 0.9961 0.2083 0.0078 0.2222
3 0.5141 0.0861 0.0938 0.1667
2 0.9031 0.8444 0.1219 0.3056
1 0.9617 0.3333 0.0766 0.2444
3 0.9719 0.9194 0.0562 0.1556
2 0.1281 0.2139 0.2406 0.1889
1 0.6688 0.6222 0.1469 0.2611
1 0.9992 0.4972 0.0016 0.2556
3 0.9664 0.2194 0.0672 0.1611
1 0.5906 0.3361 0.1156 0.2056
1 0.2094 0.6389 0.0969 0.1722
2 0.2766 0.6361 0.2906 0.5722
0 0.5953 0.7472 0.1125 0.1778
1 0.9109 0.4889 0.1219 0.2167
1 0.7469 0.9083 0.0969 0.1722
3 0.4375 0.625 0.0969 0.1722
3 0.8359 0.6111 0.075 0.1333
3 0.9742 0.4861 0.0516 0.1056
2 0.4359 0.7889 0.1969 0.4167
2 0.2125 0.8028 0.3062 0.3889
1 0.5891 0.2111 0.1125 0.2
0 0.7516 0.1139 0.0906 0.2222