1 0.1391 0.1972 0.1312 0.2333
0 0.2281 0.2 0.225 0.3944
2 0.6172 0.4944 0.2719 0.3556
1 0.6953 0.8861 0.0875 0.1556
2 0.6078 0.7778 0.1719 0.2556
0 0.6875 0.7722 0.1531 0.2444
2 0.1547 0.85 0.2031 0.2944
3 0.6891 0.0861 0.0938 0.1667
0 0.0164 0.6361 0.0328 0.3667
2 0.3031 0.2139 0.2406 0.1889
0 0.007 0.3556 0.0141 0.1389
1 0.8438 0.6222 0.1469 0.2611
1 0.7656 0.3361 0.1156 0.2056
1 0.3844 0.6389 0.0969 0.1722
2 0.4516 0.6361 0.2906 0.5722
0 0.7703 0.7472 0.1125 0.1778
3 0.1438 0.35 0.0625 0.1111
1 0.9219 0.9083 0.0969 0.1722
3 0.6125 0.625 0.0969 0.1722
3 0.9867 0.6111 0.0266 0.1333
2 0.6109 0.7889 0.1969 0.4167
2 0.3875 0.8028 0.3062 0.3889
1 0.7641 0.2111 0.1125 0.2
0 0.9266 0.1139 0.0906 0.2222