0 0.2594 0.5028 0.0812 0.1444
1 0.3453 0.5028 0.0938 0.1667
2 0.8016 0.2 0.2031 0.3333
0 0.175 0.3528 0.1969 0.3667
2 0.9516 0.275 0.0969 0.5444
1 0.7219 0.1111 0.1219 0.2167
1 0.1938 0.2056 0.1219 0.2167
0 0.2547 0.9056 0.0844 0.1333
1 0.1047 0.7611 0.1125 0.2
0 0.4938 0.75 0.1281 0.2722
3 0.7375 0.625 0.0594 0.1056
0 0.8812 0.9139 0.1344 0.1222
2 0.9641 0.8861 0.0719 0.15
1 0.9609 0.7778 0.0781 0.1778
2 0.9438 0.2194 0.1125 0.2389
3 0.7375 0.2 0.0625 0.1111
1 0.1141 0.8944 0.1156 0.2056
0 0.4953 0.4917 0.0875 0.1556
3 0.7406 0.9028 0.0875 0.1556
2 0.6438 0.6167 0.125 0.15