1 0.9297 0.3333 0.1406 0.25
1 0.3109 0.7667 0.0906 0.1611
1 0.5391 0.0917 0.1 0.1778
0 0.7812 0.8861 0.1906 0.2222
2 0.9805 0.7722 0.0391 0.2444
2 0.7859 0.4778 0.2 0.2556
0 0.3141 0.6306 0.075 0.1667
2 0.85 0.7694 0.1094 0.2278
1 0.7719 0.0833 0.0906 0.1611
0 0.4562 0.3333 0.2 0.2111
2 0.6922 0.3306 0.0781 0.1611
2 0.4703 0.6361 0.1312 0.5889
0 0.8531 0.2056 0.1562 0.2722
0 0.6234 0.7722 0.2312 0.2944
1 0.6203 0.1028 0.1125 0.2
0 0.5422 0.6361 0.0562 0.2722
2 0.0328 0.2139 0.0656 0.4222
1 0.9656 0.2139 0.0688 0.2611
2 0.9578 0.1417 0.0844 0.2778
0 0.6984 0.6417 0.125 0.2444