0 0.4109 0.3472 0.1438 0.2944
3 0.7219 0.3333 0.0625 0.1111
2 0.1859 0.3389 0.1281 0.55
0 0.0422 0.8861 0.0844 0.2222
3 0.7297 0.9056 0.0844 0.15
1 0.0062 0.3444 0.0125 0.2056
3 0.8922 0.3556 0.0938 0.1667
2 0.8828 0.3056 0.1469 0.6056
0 0.1875 0.4694 0.2344 0.4222
3 0.1156 0.2194 0.0875 0.1556
0 0.1766 0.6361 0.1469 0.2
3 0.0336 0.625 0.0672 0.1667
2 0.6453 0.3389 0.1969 0.25
3 0.3406 0.4889 0.0625 0.1111
1 0.8016 0.2083 0.1031 0.1833
2 0.9641 0.225 0.0719 0.3944
1 0.65 0.2 0.1406 0.25
1 0.0484 0.3417 0.0969 0.2333
3 0.1141 0.7722 0.0719 0.1278