3 0.8562 0.5028 0.0969 0.1722
0 0.2297 0.9056 0.1406 0.1833
0 0.0289 0.7722 0.0578 0.1944
1 0.6359 0.7611 0.1312 0.2333
2 0.775 0.4972 0.3188 0.9889
2 0.3969 0.3639 0.1531 0.2722
2 0.7812 0.3611 0.1469 0.3556
1 0.7016 0.4917 0.1469 0.2611
1 0.0781 0.4917 0.1406 0.25
3 0.0234 0.6222 0.0469 0.1389
1 0.5453 0.3528 0.1062 0.1889
0 0.8703 0.85 0.1188 0.2944
2 0.8609 0.7417 0.2281 0.5111
2 0.3219 0.1806 0.2688 0.3556
2 0.5562 0.6333 0.1156 0.2
2 0.0266 0.1 0.0531 0.1944
0 0.9117 0.8667 0.1766 0.2611
3 0.1609 0.6389 0.0812 0.1444
2 0.107 0.2972 0.2141 0.5889