1 0.9516 0.3333 0.0969 0.25
1 0.3547 0.7667 0.0906 0.1611
1 0.5828 0.0917 0.1 0.1778
0 0.825 0.8861 0.1906 0.2222
2 0.8297 0.4778 0.2 0.2556
0 0.3578 0.6306 0.075 0.1667
2 0.8938 0.7694 0.1094 0.2278
1 0.8156 0.0833 0.0906 0.1611
0 0.5 0.3333 0.2 0.2111
2 0.7359 0.3306 0.0781 0.1611
2 0.5141 0.6361 0.1312 0.5889
0 0.8969 0.2056 0.1562 0.2722
0 0.6672 0.7722 0.2312 0.2944
1 0.6641 0.1028 0.1125 0.2
0 0.5859 0.6361 0.0562 0.2722
2 0.0547 0.2139 0.1094 0.4222
1 0.9875 0.2139 0.025 0.2611
2 0.9797 0.1417 0.0406 0.2778
0 0.7422 0.6417 0.125 0.2444