1 0.1 0.1917 0.0875 0.1556
0 0.5656 0.2056 0.15 0.25
3 0.3312 0.075 0.0812 0.1444
3 0.7234 0.5028 0.0906 0.1611
1 0.1016 0.4806 0.1281 0.2278
2 0.3344 0.625 0.1594 0.1889
3 0.2547 0.475 0.0688 0.1222
2 0.0391 0.275 0.0781 0.5444
2 0.4266 0.3417 0.2031 0.2944
2 0.5828 0.3361 0.1406 0.4556
3 0.0352 0.1972 0.0703 0.1667
2 0.7297 0.2556 0.1594 0.5056
0 0.8797 0.1528 0.1719 0.3
1 0.4125 0.2056 0.1062 0.1889
0 0.4922 0.7667 0.2125 0.15
1 0.6578 0.1056 0.1156 0.2056
2 0.0328 0.8861 0.0656 0.15
3 0.9578 0.0833 0.0844 0.1611
3 0.6516 0.3306 0.0656 0.1167
2 0.8172 0.3361 0.1344 0.4444
0 0.9477 0.9083 0.1047 0.1556
0 0.8094 0.6361 0.0719 0.2167