2 0.2781 0.6139 0.1531 0.2056
2 0.0531 0.4972 0.1062 0.2444
3 0.9805 0.2139 0.0391 0.1389
3 0.6703 0.7583 0.0812 0.1444
2 0.9555 0.7056 0.0891 0.5833
1 0.9031 0.8806 0.1312 0.2333
0 0.4453 0.1806 0.1938 0.3556
3 0.0031 0.1917 0.0062 0.1444
0 0.6016 0.225 0.1688 0.3389
3 0.8422 0.6361 0.0719 0.1278
1 0.7641 0.4694 0.125 0.2222
3 0.6047 0.0861 0.0938 0.1667
3 0.1406 0.3639 0.0781 0.1389
1 0.9609 0.7611 0.0781 0.2222
0 0.9078 0.7611 0.1844 0.1667
1 0.5922 0.3639 0.1062 0.1889
2 0.2875 0.1 0.15 0.1944
1 0.9188 0.4806 0.1062 0.1889
0 0.6828 0.1528 0.1938 0.3
0 0.3688 0.2056 0.2438 0.1611
1 0.1234 0.1306 0.1438 0.2556
2 0.0602 0.3444 0.1203 0.2389