2 0.3766 0.1111 0.1094 0.2167
0 0.6844 0.4778 0.1 0.1778
2 0.6812 0.7722 0.1031 0.3389
2 0.6891 0.6333 0.2938 0.2889
2 0.9938 0.2222 0.0125 0.4389
0 0.5328 0.3472 0.0875 0.15
3 0.3719 0.4972 0.0688 0.1222
1 0.4656 0.3361 0.0906 0.1611
0 0.8484 0.3417 0.0875 0.15
0 0.2125 0.4694 0.0719 0.1833
2 0.9219 0.4722 0.1562 0.2889
1 0.0578 0.6222 0.1094 0.1944
3 0.2266 0.6306 0.0844 0.15
3 0.1344 0.3611 0.0969 0.1722
1 0.2922 0.8889 0.1219 0.2167
3 0.1422 0.1917 0.075 0.1333
0 0.9656 0.3444 0.0688 0.2222
0 0.9203 0.1278 0.1281 0.25
0 0.0812 0.3556 0.1625 0.3667
2 0.6844 0.8556 0.2156 0.2833
0 0.9578 0.1583 0.0844 0.3111