1 0.4453 0.7722 0.1188 0.2111
3 0.2875 0.3417 0.0812 0.1444
3 0.0078 0.9167 0.0156 0.1222
3 0.6812 0.9056 0.0938 0.1667
1 0.8312 0.8861 0.0969 0.1722
1 0.3734 0.1028 0.1125 0.2
2 0.6828 0.4806 0.2031 0.4833
2 0.6797 0.1111 0.2406 0.2167
2 0.6047 0.6167 0.1719 0.2278
1 0.0086 0.0917 0.0172 0.1778
0 0.0016 0.2056 0.0031 0.2889
1 0.6875 0.1972 0.1375 0.2444
1 0.9047 0.8889 0.1188 0.2111
0 0.9141 0.3444 0.0531 0.1444
2 0.3656 0.7167 0.3094 0.5611
1 0.0562 0.2167 0.0969 0.1722
1 0.2922 0.0889 0.0969 0.1722
2 0.4375 0.2139 0.1781 0.3111
3 0.2188 0.2 0.0844 0.15
0 0.8312 0.775 0.1906 0.3389