2 0.1578 0.1111 0.1094 0.2167
0 0.4656 0.4778 0.1 0.1778
2 0.4625 0.7722 0.1031 0.3389
2 0.4703 0.6333 0.2938 0.2889
1 0.9312 0.1028 0.1125 0.2
2 0.8703 0.2222 0.2031 0.4389
0 0.3141 0.3472 0.0875 0.15
3 0.1531 0.4972 0.0688 0.1222
1 0.2469 0.3361 0.0906 0.1611
2 0.9891 0.5028 0.0219 0.2667
0 0.6297 0.3417 0.0875 0.15
0 0.0148 0.4694 0.0297 0.1833
3 0.9906 0.8917 0.0188 0.1333
0 0.8578 0.8417 0.1375 0.3111
2 0.7812 0.4722 0.3125 0.2889
0 0.9711 0.2111 0.0578 0.15
0 0.8609 0.7556 0.125 0.2333
3 0.025 0.6306 0.05 0.15
1 0.0734 0.8889 0.1219 0.2167
2 0.9969 0.6167 0.0062 0.3333
0 0.7781 0.3444 0.1312 0.2222
0 0.7016 0.1278 0.1281 0.25
2 0.4656 0.8556 0.2156 0.2833
3 0.9375 0.7694 0.0938 0.1667
2 0.9344 0.8389 0.1281 0.3167
0 0.7797 0.1583 0.1656 0.3111