3 0.5594 0.6222 0.075 0.1333
3 0.0938 0.2083 0.0625 0.1111
2 0.0094 0.6194 0.0188 0.2722
3 0.5562 0.0861 0.0594 0.1056
1 0.8656 0.8806 0.1312 0.2333
0 0.9406 0.4944 0.1125 0.2056
2 0.3953 0.6139 0.1156 0.2056
1 0.6266 0.1972 0.1094 0.1944
3 0.7062 0.2167 0.0812 0.1444
2 0.018 0.7722 0.0359 0.1667
2 0.2344 0.6139 0.1344 0.2889
0 0.6359 0.3333 0.1188 0.1944
1 0.0781 0.75 0.1344 0.2389
0 0.95 0.7528 0.0812 0.1389
1 0.3156 0.3639 0.0906 0.1611
2 0.9781 0.8028 0.0438 0.3889
1 0.6297 0.625 0.1125 0.2
3 0.4688 0.8861 0.0781 0.1389