1 0.1141 0.8722 0.1406 0.25
2 0.2797 0.3556 0.2281 0.2111
2 0.6562 0.4778 0.2094 0.4444
2 0.95 0.6333 0.1 0.3944
2 0.9305 0.1444 0.1391 0.2833
2 0.8094 0.775 0.1156 0.2222
3 0.7328 0.0889 0.0969 0.1722
2 0.6719 0.35 0.2188 0.6944
0 0.9586 0.7639 0.0828 0.1833
0 0.8938 0.2167 0.2125 0.4111
1 0.7359 0.7583 0.1469 0.2611
2 0.3422 0.3528 0.1375 0.2444
3 0.1203 0.3639 0.0719 0.1278
3 0.1172 0.225 0.0688 0.1222
1 0.9891 0.3528 0.0219 0.2333
1 0.9992 0.5028 0.0016 0.2167
3 0.1859 0.0833 0.0875 0.1556
1 0.2766 0.7667 0.0969 0.1722
2 0.5078 0.475 0.2656 0.5833