3 0.6062 0.2139 0.0781 0.1389
3 0.2766 0.7583 0.0812 0.1444
2 0.6688 0.7056 0.3031 0.5833
0 0.7484 0.2222 0.1062 0.4389
2 0.8391 0.6083 0.3 0.2278
1 0.5094 0.8806 0.1312 0.2333
3 0.9742 0.6083 0.0516 0.1222
0 0.0742 0.1806 0.1484 0.3556
0 0.9711 0.2167 0.0578 0.1722
0 0.7516 0.4833 0.1219 0.2
0 0.2078 0.225 0.1688 0.3389
3 0.4484 0.6361 0.0719 0.1278
1 0.3703 0.4694 0.125 0.2222
3 0.2109 0.0861 0.0938 0.1667
1 0.5906 0.7611 0.125 0.2222
0 0.5156 0.7611 0.1875 0.1667
1 0.1984 0.3639 0.1062 0.1889
1 0.525 0.4806 0.1062 0.1889
0 0.2891 0.1528 0.1938 0.3
0 0.0484 0.2056 0.0969 0.1611
3 0.6656 0.0583 0.0625 0.1111