2 0.9289 0.6139 0.1422 0.2056
2 0.7047 0.4972 0.1156 0.2444
3 0.0211 0.2083 0.0422 0.1333
3 0.5453 0.4694 0.0656 0.1167
0 0.0148 0.9028 0.0297 0.1889
3 0.6219 0.1917 0.0812 0.1444
2 0.1672 0.4833 0.1281 0.4056
3 0.5438 0.3556 0.0844 0.15
3 0.1594 0.2111 0.0781 0.1389
3 0.7969 0.3639 0.0781 0.1389
1 0.1641 0.6167 0.1406 0.25
2 0.9344 0.1 0.1312 0.1944
0 0.2453 0.8806 0.1375 0.2333
0 0.9516 0.2056 0.0969 0.1611
1 0.7797 0.1306 0.1438 0.2556
2 0.7109 0.3444 0.1312 0.2389
3 0.0258 0.0889 0.0516 0.1722