0 0.4781 0.5028 0.0812 0.1444
1 0.5641 0.5028 0.0938 0.1667
2 0.9594 0.2 0.0812 0.3333
0 0.3938 0.3528 0.1969 0.3667
2 0.0203 0.5028 0.0406 0.2333
1 0.9398 0.1111 0.1203 0.2167
1 0.4125 0.2056 0.1219 0.2167
0 0.4734 0.9056 0.0844 0.1333
1 0.3234 0.7611 0.1125 0.2
0 0.7125 0.75 0.1281 0.2722
2 0.0906 0.3444 0.1531 0.3722
3 0.9562 0.625 0.0594 0.1056
0 0.0984 0.4778 0.1594 0.2944
3 0.9562 0.2 0.0625 0.1111
1 0.3328 0.8944 0.1156 0.2056
0 0.7141 0.4917 0.0875 0.1556
3 0.9578 0.9028 0.0844 0.1556
2 0.8625 0.6167 0.125 0.15