1 0.7562 0.1917 0.0875 0.1556
2 0.3641 0.2 0.2031 0.3333
3 0.9734 0.075 0.0531 0.1444
1 0.7578 0.4806 0.1281 0.2278
2 0.9555 0.625 0.0891 0.1889
3 0.9109 0.475 0.0688 0.1222
2 0.6 0.275 0.2688 0.5444
2 0.9906 0.3417 0.0188 0.2944
3 0.6797 0.1972 0.0938 0.1667
1 0.2844 0.1111 0.1219 0.2167
0 0.0602 0.75 0.1203 0.2722
3 0.3 0.625 0.0594 0.1056
0 0.4438 0.9139 0.1344 0.1222
2 0.6062 0.8861 0.2312 0.15
1 0.5344 0.7778 0.1 0.1778
2 0.5234 0.2194 0.1469 0.2389
3 0.3 0.2 0.0625 0.1111
0 0.0578 0.4917 0.0875 0.1556
3 0.3031 0.9028 0.0875 0.1556
2 0.2062 0.6167 0.125 0.15