3 0.9703 0.7667 0.0594 0.1333
2 0.2625 0.4778 0.2094 0.4444
2 0.5859 0.6333 0.1594 0.3944
2 0.5891 0.1444 0.2438 0.2833
2 0.4156 0.775 0.1156 0.2222
3 0.3391 0.0889 0.0969 0.1722
2 0.9484 0.3389 0.1031 0.4833
2 0.2781 0.35 0.2188 0.6944
0 0.5781 0.7639 0.1094 0.1833
0 0.5094 0.2167 0.2312 0.4111
1 0.3422 0.7583 0.1469 0.2611
2 0.0086 0.3528 0.0172 0.2444
2 0.9453 0.6083 0.1094 0.1944
1 0.8094 0.8722 0.1406 0.25
1 0.65 0.3528 0.1312 0.2333
1 0.6656 0.5028 0.1219 0.2167
0 0.9664 0.0889 0.0672 0.1722
2 0.8844 0.675 0.1688 0.6444
1 0.825 0.6083 0.1469 0.2611
2 0.1234 0.475 0.2469 0.5833