3 0.4312 0.2139 0.0781 0.1389
3 0.1016 0.7583 0.0812 0.1444
2 0.4938 0.7056 0.3031 0.5833
0 0.5734 0.2222 0.1062 0.4389
2 0.6641 0.6083 0.3 0.2278
1 0.3344 0.8806 0.1312 0.2333
3 0.8078 0.6083 0.0688 0.1222
0 0.8219 0.2167 0.1094 0.1722
0 0.5766 0.4833 0.1219 0.2
0 0.0586 0.225 0.1172 0.3389
2 0.9891 0.2139 0.0219 0.4222
3 0.2734 0.6361 0.0719 0.1278
1 0.1953 0.4694 0.125 0.2222
3 0.0414 0.0861 0.0828 0.1667
1 0.4156 0.7611 0.125 0.2222
0 0.3406 0.7611 0.1875 0.1667
1 0.0383 0.3639 0.0766 0.1889
1 0.35 0.4806 0.1062 0.1889
0 0.1141 0.1528 0.1938 0.3
3 0.4906 0.0583 0.0625 0.1111