1 0.0953 0.1972 0.1312 0.2333
0 0.1844 0.2 0.225 0.3944
2 0.5734 0.4944 0.2719 0.3556
1 0.6516 0.8861 0.0875 0.1556
2 0.5641 0.7778 0.1719 0.2556
0 0.6438 0.7722 0.1531 0.2444
2 0.1109 0.85 0.2031 0.2944
3 0.6453 0.0861 0.0938 0.1667
2 0.9867 0.8444 0.0266 0.3056
2 0.2594 0.2139 0.2406 0.1889
1 0.8 0.6222 0.1469 0.2611
1 0.7219 0.3361 0.1156 0.2056
1 0.3406 0.6389 0.0969 0.1722
2 0.4078 0.6361 0.2906 0.5722
0 0.7266 0.7472 0.1125 0.1778
1 0.9906 0.4889 0.0188 0.2167
3 0.1 0.35 0.0625 0.1111
1 0.8781 0.9083 0.0969 0.1722
3 0.5688 0.625 0.0969 0.1722
3 0.9648 0.6111 0.0703 0.1333
2 0.5672 0.7889 0.1969 0.4167
2 0.3438 0.8028 0.3062 0.3889
1 0.7203 0.2111 0.1125 0.2
0 0.8828 0.1139 0.0906 0.2222