3 0.9219 0.4722 0.0719 0.1278
0 0.2156 0.2056 0.15 0.25
3 0.0109 0.075 0.0219 0.1444
3 0.3734 0.5028 0.0906 0.1611
2 0.032 0.625 0.0641 0.1889
2 0.0891 0.3417 0.1781 0.2944
0 0.943 0.6361 0.1141 0.3667
2 0.2328 0.3361 0.1406 0.4556
2 0.3797 0.2556 0.1594 0.5056
0 0.5297 0.1528 0.1719 0.3
2 0.7641 0.7667 0.1344 0.3111
1 0.0625 0.2056 0.1062 0.1889
0 0.1422 0.7667 0.2125 0.15
0 0.9297 0.3639 0.1406 0.2111
1 0.3078 0.1056 0.1156 0.2056
2 0.9711 0.8667 0.0578 0.2611
0 0.7656 0.4778 0.0875 0.1444
2 0.8984 0.2667 0.2031 0.5278
3 0.9898 0.7722 0.0203 0.1222
3 0.85 0.1944 0.0969 0.1722
3 0.6109 0.0833 0.0906 0.1611
3 0.3016 0.3306 0.0656 0.1167
2 0.4672 0.3361 0.1344 0.4444
0 0.6141 0.9083 0.1375 0.1556
0 0.4594 0.6361 0.0719 0.2167