1 0.8844 0.8972 0.1125 0.2
2 0.0461 0.6333 0.0922 0.2889
1 0.7328 0.0917 0.1 0.1778
1 0.4062 0.1028 0.1125 0.2
2 0.3453 0.2222 0.2031 0.4389
2 0.5625 0.5028 0.2188 0.2667
0 0.1047 0.3417 0.0875 0.15
3 0.4938 0.8917 0.075 0.1333
0 0.3328 0.8417 0.1375 0.3111
2 0.2562 0.4722 0.3125 0.2889
0 0.4938 0.2111 0.1531 0.15
0 0.3359 0.7556 0.125 0.2333
2 0.5656 0.6167 0.1938 0.3333
0 0.2531 0.3444 0.1312 0.2222
0 0.1766 0.1278 0.1281 0.25
2 0.0242 0.8556 0.0484 0.2833
3 0.4125 0.7694 0.0938 0.1667
2 0.4094 0.8389 0.1281 0.3167
0 0.2547 0.1583 0.1656 0.3111