1 0.0062 0.1917 0.0125 0.1556
0 0.4344 0.2056 0.15 0.25
3 0.2 0.075 0.0812 0.1444
3 0.5922 0.5028 0.0906 0.1611
1 0.0172 0.4806 0.0344 0.2278
2 0.2031 0.625 0.1594 0.1889
3 0.1234 0.475 0.0688 0.1222
2 0.2953 0.3417 0.2031 0.2944
2 0.4516 0.3361 0.1406 0.4556
2 0.5984 0.2556 0.1594 0.5056
0 0.7484 0.1528 0.1719 0.3
2 0.9578 0.7667 0.0844 0.3111
1 0.2812 0.2056 0.1062 0.1889
0 0.3609 0.7667 0.2125 0.15
1 0.5266 0.1056 0.1156 0.2056
0 0.9703 0.4778 0.0594 0.1444
3 0.8297 0.0833 0.0906 0.1611
3 0.5203 0.3306 0.0656 0.1167
2 0.6859 0.3361 0.1344 0.4444
0 0.8328 0.9083 0.1375 0.1556
0 0.6781 0.6361 0.0719 0.2167