1 0.3984 0.7556 0.1469 0.2611
0 0.9328 0.5 0.1344 0.2444
1 0.9359 0.3583 0.1094 0.1944
3 0.2438 0.3389 0.0906 0.1611
1 0.6188 0.8861 0.125 0.2222
2 0.7062 0.2028 0.1719 0.4
1 0.1578 0.1306 0.1438 0.2556
0 0.2328 0.2361 0.2469 0.4667
0 0.8547 0.3333 0.1562 0.15
3 0.1594 0.7667 0.0875 0.1556
2 0.3906 0.4694 0.1125 0.4
1 0.7031 0.8889 0.1219 0.2167
3 0.4812 0.0861 0.0594 0.1056
0 0.982 0.1389 0.0359 0.2722
1 0.3156 0.75 0.0938 0.1667
2 0.7828 0.5028 0.1469 0.25
1 0.4016 0.2028 0.1094 0.1944
0 0.0281 0.4889 0.0562 0.1889
2 0.3234 0.8417 0.2469 0.3111
0 0.1547 0.9 0.0906 0.1611
3 0.8594 0.9167 0.0594 0.1056