2 0.1031 0.6139 0.1531 0.2056
3 0.825 0.2139 0.0781 0.1389
3 0.4953 0.7583 0.0812 0.1444
2 0.868 0.7056 0.2641 0.5833
0 0.957 0.2222 0.0859 0.4389
2 0.9539 0.6083 0.0922 0.2278
1 0.7281 0.8806 0.1312 0.2333
0 0.2703 0.1806 0.1938 0.3556
0 0.9547 0.4833 0.0906 0.2
0 0.4266 0.225 0.1688 0.3389
3 0.6672 0.6361 0.0719 0.1278
1 0.5891 0.4694 0.125 0.2222
3 0.4297 0.0861 0.0938 0.1667
3 0.0023 0.3639 0.0047 0.1389
1 0.8094 0.7611 0.125 0.2222
0 0.7344 0.7611 0.1875 0.1667
1 0.4172 0.3639 0.1062 0.1889
2 0.1125 0.1 0.15 0.1944
1 0.7438 0.4806 0.1062 0.1889
0 0.5078 0.1528 0.1938 0.3
0 0.1938 0.2056 0.2438 0.1611
1 0.0102 0.1306 0.0203 0.2556
3 0.8844 0.0583 0.0625 0.1111