2 0.8984 0.1917 0.2031 0.2833
0 0.2766 0.1278 0.05 0.25
1 0.5781 0.6111 0.1438 0.2556
3 0.2016 0.6278 0.0906 0.1611
0 0.6734 0.7583 0.0969 0.1778
1 0.0508 0.8806 0.1016 0.2333
1 0.8984 0.6306 0.1156 0.2056
1 0.0078 0.7806 0.0156 0.2111
1 0.9047 0.0917 0.1 0.1778
1 0.1875 0.1306 0.1438 0.2556
0 0.5844 0.1944 0.2094 0.3833
2 0.0812 0.6417 0.1625 0.4778
2 0.2062 0.8389 0.175 0.3167
3 0.6672 0.3306 0.0656 0.1167
2 0.8141 0.3611 0.0969 0.3111
0 0.8125 0.8806 0.1219 0.2333
3 0.1969 0.3583 0.0656 0.1167