2 0.8109 0.1917 0.2031 0.2833
0 0.1891 0.1278 0.05 0.25
1 0.4906 0.6111 0.1438 0.2556
3 0.1141 0.6278 0.0906 0.1611
3 0.9602 0.6278 0.0797 0.1667
0 0.5859 0.7583 0.0969 0.1778
1 0.007 0.8806 0.0141 0.2333
1 0.8109 0.6306 0.1156 0.2056
1 0.8172 0.0917 0.1 0.1778
1 0.1 0.1306 0.1438 0.2556
0 0.4969 0.1944 0.2094 0.3833
2 0.0375 0.6417 0.075 0.4778
0 0.9711 0.7972 0.0578 0.4
2 0.1188 0.8389 0.175 0.3167
3 0.5797 0.3306 0.0656 0.1167
2 0.7266 0.3611 0.0969 0.3111
0 0.725 0.8806 0.1219 0.2333
3 0.1094 0.3583 0.0656 0.1167