1 0.5375 0.1917 0.0875 0.1556
2 0.1453 0.2 0.2031 0.3333
0 0.9641 0.2056 0.0719 0.25
3 0.7688 0.075 0.0812 0.1444
1 0.5391 0.4806 0.1281 0.2278
2 0.7719 0.625 0.1594 0.1889
3 0.6922 0.475 0.0688 0.1222
2 0.3812 0.275 0.2688 0.5444
2 0.8641 0.3417 0.2031 0.2944
2 0.975 0.3361 0.05 0.4556
3 0.4609 0.1972 0.0938 0.1667
1 0.0656 0.1111 0.1219 0.2167
1 0.85 0.2056 0.1062 0.1889
0 0.9117 0.7667 0.1766 0.15
3 0.0812 0.625 0.0594 0.1056
0 0.225 0.9139 0.1344 0.1222
2 0.3875 0.8861 0.2312 0.15
1 0.3156 0.7778 0.1 0.1778
2 0.3047 0.2194 0.1469 0.2389
3 0.0812 0.2 0.0625 0.1111
3 0.0844 0.9028 0.0875 0.1556
2 0.025 0.6167 0.05 0.15