1 0.9555 0.7722 0.0891 0.2111
0 0.2688 0.0917 0.0688 0.1778
3 0.8125 0.3417 0.0812 0.1444
1 0.2719 0.7556 0.1156 0.2056
3 0.5062 0.9167 0.0688 0.1222
0 0.0117 0.3444 0.0234 0.2222
3 0.1922 0.3556 0.0656 0.1167
1 0.8984 0.1028 0.1125 0.2
0 0.1047 0.6417 0.0719 0.1333
2 0.2672 0.35 0.1219 0.2389
2 0.1109 0.1528 0.0906 0.3
1 0.4922 0.0917 0.1 0.1778
0 0.4969 0.2056 0.0625 0.2889
2 0.0188 0.7583 0.0375 0.3444
3 0.0328 0.9028 0.0656 0.15
1 0.3469 0.2028 0.1375 0.2444
2 0.868 0.7167 0.2641 0.5611
1 0.5812 0.2167 0.0969 0.1722
1 0.8172 0.0889 0.0969 0.1722
2 0.9367 0.2139 0.1266 0.3111
3 0.1172 0.2111 0.0844 0.15
3 0.7438 0.2 0.0844 0.15