1 0.4922 0.3333 0.1406 0.25
1 0.1016 0.0917 0.1 0.1778
0 0.3438 0.8861 0.1906 0.2222
2 0.5672 0.7722 0.0875 0.2444
2 0.3484 0.4778 0.2 0.2556
2 0.8016 0.5028 0.2281 0.2333
2 0.4125 0.7694 0.1094 0.2278
1 0.3344 0.0833 0.0906 0.1611
0 0.0594 0.3333 0.1188 0.2111
2 0.2547 0.3306 0.0781 0.1611
2 0.0492 0.6361 0.0984 0.5889
0 0.4156 0.2056 0.1562 0.2722
0 0.1859 0.7722 0.2312 0.2944
1 0.1828 0.1028 0.1125 0.2
0 0.1047 0.6361 0.0562 0.2722
2 0.9445 0.3444 0.1109 0.3722
0 0.9469 0.4778 0.1062 0.2944
1 0.5672 0.2139 0.1469 0.2611
2 0.5766 0.1417 0.1969 0.2778
0 0.2609 0.6417 0.125 0.2444
0 0.6516 0.3389 0.1719 0.1889