0 0.0609 0.2 0.1219 0.3944
2 0.3984 0.4944 0.2719 0.3556
1 0.4766 0.8861 0.0875 0.1556
2 0.3891 0.7778 0.1719 0.2556
0 0.4688 0.7722 0.1531 0.2444
2 0.0188 0.85 0.0375 0.2944
0 0.9742 0.2083 0.0516 0.2222
3 0.4703 0.0861 0.0938 0.1667
2 0.8594 0.8444 0.1219 0.3056
1 0.9398 0.3333 0.1203 0.2444
3 0.9438 0.9194 0.0875 0.1556
2 0.1023 0.2139 0.2047 0.1889
1 0.625 0.6222 0.1469 0.2611
1 0.9773 0.4972 0.0453 0.2556
3 0.9344 0.2194 0.0906 0.1611
1 0.5469 0.3361 0.1156 0.2056
1 0.1656 0.6389 0.0969 0.1722
2 0.2328 0.6361 0.2906 0.5722
0 0.5516 0.7472 0.1125 0.1778
1 0.8672 0.4889 0.1219 0.2167
2 0.9789 0.1667 0.0422 0.3278
1 0.7031 0.9083 0.0969 0.1722
3 0.3938 0.625 0.0969 0.1722
3 0.7922 0.6111 0.075 0.1333
3 0.9344 0.4861 0.0594 0.1056
2 0.3922 0.7889 0.1969 0.4167
2 0.1688 0.8028 0.3062 0.3889
1 0.5453 0.2111 0.1125 0.2
0 0.7078 0.1139 0.0906 0.2222