1 0.6688 0.1917 0.0875 0.1556
2 0.2766 0.2 0.2031 0.3333
3 0.9 0.075 0.0812 0.1444
1 0.6703 0.4806 0.1281 0.2278
2 0.9031 0.625 0.1594 0.1889
3 0.8234 0.475 0.0688 0.1222
2 0.5125 0.275 0.2688 0.5444
2 0.9469 0.3417 0.1062 0.2944
3 0.5922 0.1972 0.0938 0.1667
1 0.1969 0.1111 0.1219 0.2167
1 0.9641 0.2056 0.0719 0.1889
0 0.9773 0.7667 0.0453 0.15
0 0.0164 0.75 0.0328 0.2722
3 0.2125 0.625 0.0594 0.1056
0 0.3562 0.9139 0.1344 0.1222
2 0.5188 0.8861 0.2312 0.15
1 0.4469 0.7778 0.1 0.1778
2 0.4359 0.2194 0.1469 0.2389
3 0.2125 0.2 0.0625 0.1111
0 0.007 0.4917 0.0141 0.1556
3 0.2156 0.9028 0.0875 0.1556
2 0.1188 0.6167 0.125 0.15