1 0.8828 0.7722 0.1188 0.2111
0 0.1812 0.0917 0.0688 0.1778
3 0.725 0.3417 0.0812 0.1444
1 0.1844 0.7556 0.1156 0.2056
3 0.4188 0.9167 0.0688 0.1222
3 0.1047 0.3556 0.0656 0.1167
1 0.8109 0.1028 0.1125 0.2
0 0.0266 0.6417 0.0531 0.1333
2 0.9984 0.1111 0.0031 0.2167
2 0.9781 0.6167 0.0438 0.2278
2 0.1797 0.35 0.1219 0.2389
2 0.0344 0.1528 0.0688 0.3
1 0.4047 0.0917 0.1 0.1778
0 0.4094 0.2056 0.0625 0.2889
1 0.2594 0.2028 0.1375 0.2444
2 0.8031 0.7167 0.3094 0.5611
1 0.4938 0.2167 0.0969 0.1722
1 0.7297 0.0889 0.0969 0.1722
2 0.875 0.2139 0.1781 0.3111
3 0.0359 0.2111 0.0719 0.15
3 0.6562 0.2 0.0844 0.15