1 0.7953 0.1972 0.1312 0.2333
0 0.8844 0.2 0.225 0.3944
3 0.4844 0.4722 0.0719 0.1278
2 0.8109 0.85 0.2031 0.2944
0 0.5688 0.6361 0.2406 0.3667
2 0.9195 0.2139 0.1609 0.1889
0 0.6375 0.3556 0.0656 0.1389
2 0.0109 0.2556 0.0219 0.5056
1 0.9961 0.6389 0.0078 0.1722
2 0.9812 0.6361 0.0375 0.5722
0 0.0922 0.1528 0.1719 0.3
2 0.3266 0.7667 0.1344 0.3111
0 0.4938 0.3639 0.1438 0.2111
2 0.5688 0.8667 0.1281 0.2611
0 0.3281 0.4778 0.0875 0.1444
3 0.8 0.35 0.0625 0.1111
2 0.4953 0.2667 0.2719 0.5278
3 0.5766 0.7722 0.0688 0.1222
3 0.4125 0.1944 0.0969 0.1722
3 0.1734 0.0833 0.0906 0.1611
2 0.0484 0.3361 0.0969 0.4444
2 0.9453 0.8028 0.1094 0.3889
0 0.1766 0.9083 0.1375 0.1556
0 0.0289 0.6361 0.0578 0.2167