2 0.2312 0.5028 0.1062 0.2722
0 0.6188 0.0917 0.0688 0.1778
0 0.1469 0.2167 0.1625 0.2889
1 0.6219 0.7556 0.1156 0.2056
3 0.8562 0.9167 0.0688 0.1222
2 0.0016 0.1972 0.0031 0.3889
3 0.007 0.4889 0.0141 0.1167
0 0.1422 0.4694 0.075 0.1333
3 0.225 0.0778 0.0844 0.15
0 0.2281 0.3444 0.2906 0.2222
3 0.5422 0.3556 0.0656 0.1167
0 0.4547 0.6417 0.0719 0.1333
2 0.6172 0.35 0.1219 0.2389
2 0.4609 0.1528 0.0906 0.3
1 0.8422 0.0917 0.1 0.1778
0 0.8469 0.2056 0.0625 0.2889
2 0.3 0.7583 0.175 0.3444
3 0.3734 0.9028 0.0844 0.15
1 0.6969 0.2028 0.1375 0.2444
1 0.9312 0.2167 0.0969 0.1722
3 0.4672 0.2111 0.0844 0.15