1 0.9266 0.1972 0.1312 0.2333
0 0.9516 0.2 0.0969 0.3944
3 0.6156 0.4722 0.0719 0.1278
3 0.0672 0.5028 0.0906 0.1611
2 0.9203 0.85 0.1594 0.2944
0 0.7 0.6361 0.2406 0.3667
2 0.9852 0.2139 0.0297 0.1889
0 0.7688 0.3556 0.0656 0.1389
2 0.0766 0.2556 0.1531 0.5056
0 0.2234 0.1528 0.1719 0.3
2 0.4578 0.7667 0.1344 0.3111
0 0.625 0.3639 0.1438 0.2111
1 0.0297 0.1056 0.0594 0.2056
2 0.7 0.8667 0.1281 0.2611
0 0.4594 0.4778 0.0875 0.1444
3 0.9312 0.35 0.0625 0.1111
2 0.6266 0.2667 0.2719 0.5278
3 0.7078 0.7722 0.0688 0.1222
3 0.5438 0.1944 0.0969 0.1722
3 0.3047 0.0833 0.0906 0.1611
3 0.0141 0.3306 0.0281 0.1167
2 0.1609 0.3361 0.1344 0.4444
0 0.3078 0.9083 0.1375 0.1556
0 0.1531 0.6361 0.0719 0.2167