1 0.3609 0.3333 0.1406 0.25
1 0.0102 0.0917 0.0203 0.1778
0 0.2125 0.8861 0.1906 0.2222
2 0.4359 0.7722 0.0875 0.2444
2 0.2172 0.4778 0.2 0.2556
2 0.6703 0.5028 0.2281 0.2333
2 0.2812 0.7694 0.1094 0.2278
1 0.2031 0.0833 0.0906 0.1611
2 0.1234 0.3306 0.0781 0.1611
0 0.2844 0.2056 0.1562 0.2722
0 0.0852 0.7722 0.1703 0.2944
1 0.0539 0.1028 0.1078 0.2
0 0.0008 0.6361 0.0016 0.2722
2 0.8344 0.3444 0.1531 0.3722
0 0.8422 0.4778 0.1594 0.2944
1 0.4359 0.2139 0.1469 0.2611
2 0.4453 0.1417 0.1969 0.2778
0 0.1297 0.6417 0.125 0.2444
0 0.5203 0.3389 0.1719 0.1889