2 0.6859 0.4972 0.2938 0.3778
2 0.9227 0.2 0.1547 0.2389
2 0.6125 0.8806 0.1062 0.2333
2 0.6969 0.35 0.25 0.4778
3 0.0688 0.9056 0.0938 0.1667
1 0.2188 0.8861 0.0969 0.1722
2 0.0859 0.4806 0.1719 0.4833
2 0.0938 0.1111 0.1875 0.2167
2 0.0391 0.6167 0.0781 0.2278
2 0.9312 0.8056 0.1375 0.3833
2 0.6172 0.3694 0.175 0.7333
1 0.075 0.1972 0.1375 0.2444
1 0.9695 0.35 0.0609 0.2278
1 0.2922 0.8889 0.1188 0.2111
0 0.3016 0.3444 0.0531 0.1444
0 0.2188 0.775 0.1906 0.3389
2 0.4625 0.4917 0.1188 0.4111
0 0.9188 0.4806 0.1594 0.2722
2 0.6922 0.6417 0.1281 0.3389
0 0.6125 0.7556 0.1312 0.1444