1 0.4047 0.3333 0.1406 0.25
1 0.032 0.0917 0.0641 0.1778
0 0.2562 0.8861 0.1906 0.2222
2 0.4797 0.7722 0.0875 0.2444
2 0.2609 0.4778 0.2 0.2556
2 0.7141 0.5028 0.2281 0.2333
2 0.325 0.7694 0.1094 0.2278
1 0.2469 0.0833 0.0906 0.1611
0 0.0156 0.3333 0.0312 0.2111
2 0.1672 0.3306 0.0781 0.1611
2 0.0055 0.6361 0.0109 0.5889
0 0.3281 0.2056 0.1562 0.2722
0 0.107 0.7722 0.2141 0.2944
1 0.0953 0.1028 0.1125 0.2
0 0.0227 0.6361 0.0453 0.2722
2 0.8781 0.3444 0.1531 0.3722
0 0.8859 0.4778 0.1594 0.2944
1 0.4797 0.2139 0.1469 0.2611
2 0.4891 0.1417 0.1969 0.2778
0 0.1734 0.6417 0.125 0.2444
0 0.5641 0.3389 0.1719 0.1889