3 0.9648 0.4722 0.0703 0.1278
0 0.2594 0.2056 0.15 0.25
3 0.0328 0.075 0.0656 0.1444
3 0.4172 0.5028 0.0906 0.1611
2 0.0539 0.625 0.1078 0.1889
2 0.1203 0.3417 0.2031 0.2944
0 0.9648 0.6361 0.0703 0.3667
2 0.2766 0.3361 0.1406 0.4556
2 0.4234 0.2556 0.1594 0.5056
0 0.5734 0.1528 0.1719 0.3
2 0.8078 0.7667 0.1344 0.3111
1 0.1062 0.2056 0.1062 0.1889
0 0.1859 0.7667 0.2125 0.15
0 0.9516 0.3639 0.0969 0.2111
1 0.3516 0.1056 0.1156 0.2056
2 0.993 0.8667 0.0141 0.2611
0 0.8094 0.4778 0.0875 0.1444
2 0.9203 0.2667 0.1594 0.5278
3 0.8938 0.1944 0.0969 0.1722
3 0.6547 0.0833 0.0906 0.1611
3 0.3453 0.3306 0.0656 0.1167
2 0.5109 0.3361 0.1344 0.4444
0 0.6578 0.9083 0.1375 0.1556
0 0.5031 0.6361 0.0719 0.2167