3 0.8438 0.225 0.075 0.1333
2 0.0266 0.4944 0.0531 0.3556
1 0.0195 0.8861 0.0391 0.1556
0 0.032 0.7722 0.0641 0.2444
0 0.6125 0.2083 0.2906 0.2222
3 0.018 0.0861 0.0359 0.1667
2 0.3781 0.8444 0.1219 0.3056
1 0.4672 0.3333 0.1375 0.2444
3 0.4625 0.9194 0.0875 0.1556
1 0.1438 0.6222 0.1469 0.2611
1 0.5453 0.4972 0.1438 0.2556
3 0.4531 0.2194 0.0906 0.1611
1 0.0656 0.3361 0.1156 0.2056
0 0.0703 0.7472 0.1125 0.1778
1 0.3859 0.4889 0.1219 0.2167
2 0.5469 0.1667 0.1406 0.3278
1 0.2219 0.9083 0.0969 0.1722
3 0.6188 0.35 0.0688 0.1222
3 0.3109 0.6111 0.075 0.1333
3 0.4531 0.4861 0.0594 0.1056
2 0.0047 0.7889 0.0094 0.4167
1 0.0641 0.2111 0.1125 0.2
0 0.2266 0.1139 0.0906 0.2222
2 0.7031 0.4861 0.1875 0.5222