1 0.9641 0.2083 0.0719 0.1833
1 0.3484 0.6222 0.1312 0.2333
1 0.0484 0.1278 0.0969 0.25
0 0.9906 0.7528 0.0188 0.2167
1 0.3406 0.3611 0.0906 0.1611
1 0.9945 0.8778 0.0109 0.2389
1 0.5875 0.3306 0.1344 0.2389
1 0.4266 0.1083 0.1188 0.2111
2 0.6594 0.3639 0.2531 0.2278
2 0.1891 0.625 0.2125 0.4944
1 0.1094 0.2194 0.1125 0.2
1 0.9648 0.0944 0.0703 0.1833
0 0.2656 0.2056 0.0719 0.4056
0 0.0023 0.0944 0.0047 0.1833
3 0.0414 0.6333 0.0828 0.1611
2 0.7281 0.3472 0.1375 0.4833
3 0.1047 0.8972 0.0812 0.1444
0 0.9641 0.3444 0.0719 0.1944