3 0.8781 0.4722 0.0719 0.1278
0 0.1719 0.2056 0.15 0.25
3 0.3297 0.5028 0.0906 0.1611
2 0.0102 0.625 0.0203 0.1889
2 0.0672 0.3417 0.1344 0.2944
0 0.9211 0.6361 0.1578 0.3667
2 0.1891 0.3361 0.1406 0.4556
0 0.9992 0.3556 0.0016 0.1389
2 0.3359 0.2556 0.1594 0.5056
0 0.4859 0.1528 0.1719 0.3
2 0.7203 0.7667 0.1344 0.3111
1 0.0359 0.2056 0.0719 0.1889
0 0.1023 0.7667 0.2047 0.15
0 0.8875 0.3639 0.1438 0.2111
1 0.2641 0.1056 0.1156 0.2056
2 0.9492 0.8667 0.1016 0.2611
0 0.7219 0.4778 0.0875 0.1444
2 0.8766 0.2667 0.2469 0.5278
3 0.968 0.7722 0.0641 0.1222
3 0.8062 0.1944 0.0969 0.1722
3 0.5672 0.0833 0.0906 0.1611
3 0.2578 0.3306 0.0656 0.1167
2 0.4234 0.3361 0.1344 0.4444
0 0.5703 0.9083 0.1375 0.1556
0 0.4156 0.6361 0.0719 0.2167