1 0.8391 0.7722 0.1188 0.2111
0 0.1375 0.0917 0.0688 0.1778
3 0.6812 0.3417 0.0812 0.1444
1 0.1406 0.7556 0.1156 0.2056
3 0.375 0.9167 0.0688 0.1222
3 0.0609 0.3556 0.0656 0.1167
1 0.7672 0.1028 0.1125 0.2
2 0.9875 0.4806 0.025 0.4833
0 0.0047 0.6417 0.0094 0.1333
2 0.9766 0.1111 0.0469 0.2167
2 0.9562 0.6167 0.0875 0.2278
2 0.1359 0.35 0.1219 0.2389
2 0.0125 0.1528 0.025 0.3
1 0.3609 0.0917 0.1 0.1778
0 0.3656 0.2056 0.0625 0.2889
1 0.2156 0.2028 0.1375 0.2444
2 0.7594 0.7167 0.3094 0.5611
1 0.45 0.2167 0.0969 0.1722
1 0.6859 0.0889 0.0969 0.1722
2 0.8312 0.2139 0.1781 0.3111
3 0.0141 0.2111 0.0281 0.15
3 0.6125 0.2 0.0844 0.15