1 0.7172 0.2083 0.1031 0.1833
1 0.0859 0.6222 0.1312 0.2333
2 0.8703 0.625 0.1062 0.3
0 0.7828 0.7528 0.1281 0.2167
0 0.7859 0.2028 0.0844 0.1611
1 0.0781 0.3611 0.0906 0.1611
1 0.7938 0.8778 0.1344 0.2389
1 0.325 0.3306 0.1344 0.2389
0 0.9961 0.2083 0.0078 0.2944
1 0.1641 0.1083 0.1188 0.2111
2 0.3969 0.3639 0.2531 0.2278
3 0.9406 0.6167 0.0906 0.1611
2 0.0164 0.625 0.0328 0.4944
1 0.7188 0.0944 0.1031 0.1833
0 0.0195 0.2056 0.0391 0.4056
2 0.4656 0.3472 0.1375 0.4833
0 0.7062 0.3444 0.0812 0.1944
3 0.8625 0.075 0.0812 0.1444