1 0.9812 0.0861 0.0375 0.1667
3 0.3844 0.35 0.0594 0.1056
1 0.4703 0.4722 0.1438 0.2556
2 0.4656 0.7722 0.1469 0.3
0 0.6281 0.7611 0.1781 0.1
1 0.968 0.8722 0.0641 0.25
1 0.5547 0.9028 0.0969 0.1722
1 0.0781 0.1972 0.1188 0.2111
1 0.0859 0.9 0.1 0.1778
1 0.4766 0.6167 0.1 0.1778
0 0.5438 0.5028 0.1844 0.3278
0 0.1469 0.4694 0.2156 0.3556
0 0.15 0.1528 0.2125 0.3
1 0.3125 0.9056 0.1031 0.1833
2 0.0273 0.1944 0.0547 0.3833
0 0.3859 0.1361 0.1625 0.2667
0 0.8578 0.1944 0.15 0.2556
1 0.7859 0.9 0.0906 0.1611