2 0.275 0.5028 0.1062 0.2722
0 0.6625 0.0917 0.0688 0.1778
0 0.1906 0.2167 0.1625 0.2889
1 0.6656 0.7556 0.1156 0.2056
3 0.9 0.9167 0.0688 0.1222
2 0.0234 0.1972 0.0469 0.3889
3 0.0289 0.4889 0.0578 0.1167
0 0.1859 0.4694 0.075 0.1333
3 0.2688 0.0778 0.0844 0.15
0 0.2719 0.3444 0.2906 0.2222
3 0.5859 0.3556 0.0656 0.1167
2 0.0141 0.35 0.0281 0.4389
0 0.4984 0.6417 0.0719 0.1333
2 0.6609 0.35 0.1219 0.2389
2 0.5047 0.1528 0.0906 0.3
1 0.8859 0.0917 0.1 0.1778
0 0.8906 0.2056 0.0625 0.2889
2 0.3438 0.7583 0.175 0.3444
2 0.0031 0.2222 0.0062 0.2444
3 0.4172 0.9028 0.0844 0.15
1 0.7406 0.2028 0.1375 0.2444
1 0.9633 0.2167 0.0734 0.1722
3 0.5109 0.2111 0.0844 0.15