1 0.9773 0.7722 0.0453 0.2111
0 0.3125 0.0917 0.0688 0.1778
3 0.8562 0.3417 0.0812 0.1444
1 0.3156 0.7556 0.1156 0.2056
3 0.55 0.9167 0.0688 0.1222
0 0.0336 0.3444 0.0672 0.2222
3 0.2359 0.3556 0.0656 0.1167
1 0.9422 0.1028 0.1125 0.2
0 0.1484 0.6417 0.0719 0.1333
2 0.3109 0.35 0.1219 0.2389
2 0.1547 0.1528 0.0906 0.3
1 0.5359 0.0917 0.1 0.1778
0 0.5406 0.2056 0.0625 0.2889
2 0.0406 0.7583 0.0812 0.3444
3 0.0672 0.9028 0.0844 0.15
1 0.3906 0.2028 0.1375 0.2444
2 0.8898 0.7167 0.2203 0.5611
1 0.625 0.2167 0.0969 0.1722
1 0.8609 0.0889 0.0969 0.1722
2 0.9586 0.2139 0.0828 0.3111
3 0.1609 0.2111 0.0844 0.15
3 0.7875 0.2 0.0844 0.15