1 0.0703 0.8722 0.1406 0.25
2 0.2359 0.3556 0.2281 0.2111
2 0.6125 0.4778 0.2094 0.4444
2 0.9281 0.6333 0.1438 0.3944
2 0.9086 0.1444 0.1828 0.2833
2 0.7656 0.775 0.1156 0.2222
3 0.6891 0.0889 0.0969 0.1722
2 0.6281 0.35 0.2188 0.6944
0 0.9281 0.7639 0.1094 0.1833
0 0.8594 0.2167 0.2312 0.4111
1 0.6922 0.7583 0.1469 0.2611
2 0.2984 0.3528 0.1375 0.2444
3 0.0766 0.3639 0.0719 0.1278
3 0.0734 0.225 0.0688 0.1222
1 0.9672 0.3528 0.0656 0.2333
1 0.9773 0.5028 0.0453 0.2167
3 0.1422 0.0833 0.0875 0.1556
1 0.2328 0.7667 0.0969 0.1722
2 0.4641 0.475 0.2656 0.5833