1 0.9523 0.1972 0.0953 0.2333
0 0.9734 0.2 0.0531 0.3944
3 0.6594 0.4722 0.0719 0.1278
0 0.0141 0.2056 0.0281 0.25
3 0.1109 0.5028 0.0906 0.1611
2 0.9422 0.85 0.1156 0.2944
0 0.7438 0.6361 0.2406 0.3667
2 0.0203 0.3361 0.0406 0.4556
0 0.8125 0.3556 0.0656 0.1389
2 0.1172 0.2556 0.1594 0.5056
0 0.2672 0.1528 0.1719 0.3
2 0.5016 0.7667 0.1344 0.3111
0 0.6688 0.3639 0.1438 0.2111
1 0.0516 0.1056 0.1031 0.2056
2 0.7438 0.8667 0.1281 0.2611
0 0.5031 0.4778 0.0875 0.1444
3 0.9719 0.35 0.0562 0.1111
2 0.6703 0.2667 0.2719 0.5278
3 0.7516 0.7722 0.0688 0.1222
3 0.5875 0.1944 0.0969 0.1722
3 0.3484 0.0833 0.0906 0.1611
3 0.0391 0.3306 0.0656 0.1167
2 0.2047 0.3361 0.1344 0.4444
0 0.3516 0.9083 0.1375 0.1556
0 0.1969 0.6361 0.0719 0.2167