3 0.1031 0.7667 0.075 0.1333
3 0.5594 0.35 0.0594 0.1056
2 0.0891 0.3389 0.1344 0.4833
1 0.6453 0.4722 0.1438 0.2556
2 0.6406 0.7722 0.1469 0.3
0 0.8031 0.7611 0.1781 0.1
1 0.7297 0.9028 0.0969 0.1722
1 0.2531 0.1972 0.1188 0.2111
1 0.2609 0.9 0.1 0.1778
2 0.0938 0.6083 0.1562 0.1944
1 0.6516 0.6167 0.1 0.1778
0 0.7188 0.5028 0.1844 0.3278
0 0.3219 0.4694 0.2156 0.3556
1 0.0023 0.8722 0.0047 0.25
0 0.325 0.1528 0.2125 0.3
1 0.4875 0.9056 0.1031 0.1833
0 0.0953 0.0889 0.075 0.1722
2 0.1797 0.1944 0.1 0.3833
0 0.5609 0.1361 0.1625 0.2667
0 0.9789 0.1944 0.0422 0.2556
1 0.9578 0.9 0.0844 0.1611
2 0.0469 0.675 0.0938 0.6444
1 0.0117 0.6083 0.0234 0.2611