1 0.9266 0.7722 0.1188 0.2111
0 0.225 0.0917 0.0688 0.1778
3 0.7688 0.3417 0.0812 0.1444
1 0.2281 0.7556 0.1156 0.2056
3 0.4625 0.9167 0.0688 0.1222
3 0.1484 0.3556 0.0656 0.1167
1 0.8547 0.1028 0.1125 0.2
0 0.0609 0.6417 0.0719 0.1333
2 0.2234 0.35 0.1219 0.2389
2 0.0672 0.1528 0.0906 0.3
1 0.4484 0.0917 0.1 0.1778
0 0.4531 0.2056 0.0625 0.2889
3 0.0109 0.9028 0.0219 0.15
1 0.3031 0.2028 0.1375 0.2444
2 0.8461 0.7167 0.3078 0.5611
1 0.5375 0.2167 0.0969 0.1722
1 0.7734 0.0889 0.0969 0.1722
2 0.9148 0.2139 0.1703 0.3111
3 0.0734 0.2111 0.0844 0.15
3 0.7 0.2 0.0844 0.15