1 0.7078 0.7722 0.1188 0.2111
0 0.0203 0.0917 0.0406 0.1778
3 0.55 0.3417 0.0812 0.1444
1 0.0336 0.7556 0.0672 0.2056
3 0.2438 0.9167 0.0688 0.1222
3 0.9438 0.9056 0.0938 0.1667
1 0.6359 0.1028 0.1125 0.2
2 0.9219 0.4806 0.1562 0.4833
2 0.9109 0.1111 0.1781 0.2167
2 0.8672 0.6167 0.1719 0.2278
2 0.0328 0.35 0.0656 0.2389
1 0.2297 0.0917 0.1 0.1778
0 0.2344 0.2056 0.0625 0.2889
1 0.9406 0.1972 0.1188 0.2444
1 0.0844 0.2028 0.1375 0.2444
2 0.6281 0.7167 0.3094 0.5611
1 0.3188 0.2167 0.0969 0.1722
1 0.5547 0.0889 0.0969 0.1722
2 0.7 0.2139 0.1781 0.3111
3 0.4812 0.2 0.0844 0.15
0 0.9992 0.775 0.0016 0.3389