1 0.5672 0.1167 0.1281 0.2278
1 0.8734 0.3639 0.1312 0.2333
2 0.175 0.4722 0.1125 0.3944
1 0.0367 0.3528 0.0734 0.1833
0 0.1812 0.1917 0.1312 0.1056
2 0.6391 0.5 0.0938 0.3111
3 0.6359 0.7556 0.0969 0.1722
0 0.875 0.7639 0.1312 0.2389
2 0.4969 0.4694 0.2219 0.5889
0 0.4016 0.8889 0.1438 0.2167
2 0.8633 0.4944 0.2734 0.3889
2 0.9312 0.1861 0.1375 0.3667
1 0.8 0.1306 0.1438 0.2556
0 0.9477 0.3611 0.1047 0.2167
3 0.1797 0.8889 0.0938 0.1667
2 0.0523 0.1833 0.1047 0.3611
2 0.1812 0.3333 0.2094 0.3889