1 0.5859 0.2083 0.1031 0.1833
1 0.0102 0.6222 0.0203 0.2333
2 0.7391 0.625 0.1062 0.3
0 0.6516 0.7528 0.1281 0.2167
0 0.6547 0.2028 0.0844 0.1611
2 0.9688 0.7583 0.0625 0.4056
1 0.6625 0.8778 0.1344 0.2389
1 0.1938 0.3306 0.1344 0.2389
0 0.9305 0.2083 0.1391 0.2944
1 0.0461 0.1083 0.0922 0.2111
2 0.2656 0.3639 0.2531 0.2278
3 0.8094 0.6167 0.0906 0.1611
2 0.993 0.4889 0.0141 0.2833
1 0.5875 0.0944 0.1031 0.1833
2 0.3344 0.3472 0.1375 0.4833
0 0.575 0.3444 0.0812 0.1944
3 0.7312 0.075 0.0812 0.1444