0 0.7078 0.7528 0.1125 0.2833
3 0.5547 0.2167 0.0906 0.1611
0 0.5547 0.7472 0.0781 0.2
2 0.9477 0.7806 0.1047 0.2667
3 0.8578 0.4861 0.0719 0.1278
1 0.0875 0.875 0.1375 0.2444
0 0.8672 0.7806 0.1156 0.2056
1 0.3078 0.3444 0.1469 0.2611
1 0.0797 0.0833 0.0906 0.1611
1 0.1547 0.3528 0.1125 0.2
1 0.0367 0.7722 0.0734 0.2444
0 0.475 0.8944 0.0875 0.1556
3 0.7719 0.4972 0.0844 0.15
3 0.0703 0.6167 0.0656 0.1167
2 0.6234 0.75 0.1906 0.3
0 0.475 0.3472 0.2594 0.1889
3 0.3906 0.6194 0.0625 0.1111
3 0.9906 0.3556 0.0188 0.1111