1 0.5328 0.1972 0.1312 0.2333
0 0.6219 0.2 0.225 0.3944
3 0.2219 0.4722 0.0719 0.1278
2 0.9375 0.4944 0.125 0.3556
2 0.9578 0.7778 0.0844 0.2556
2 0.5484 0.85 0.2031 0.2944
0 0.3062 0.6361 0.2406 0.3667
2 0.6969 0.2139 0.2406 0.1889
0 0.375 0.3556 0.0656 0.1389
1 0.7781 0.6389 0.0969 0.1722
2 0.8453 0.6361 0.2906 0.5722
2 0.0656 0.7667 0.1312 0.3111
0 0.2312 0.3639 0.1438 0.2111
2 0.3062 0.8667 0.1281 0.2611
0 0.0656 0.4778 0.0875 0.1444
3 0.5375 0.35 0.0625 0.1111
2 0.2328 0.2667 0.2719 0.5278
3 0.3141 0.7722 0.0688 0.1222
3 0.15 0.1944 0.0969 0.1722
3 0.9789 0.625 0.0422 0.1722
2 0.9531 0.7889 0.0938 0.4167
2 0.7812 0.8028 0.3062 0.3889