1 0.9375 0.8722 0.125 0.25
2 0.1609 0.4972 0.2938 0.3778
2 0.4031 0.2 0.1656 0.2389
0 0.5578 0.2139 0.0875 0.2278
2 0.0875 0.8806 0.1062 0.2333
2 0.9984 0.3556 0.0031 0.2111
0 0.7969 0.5028 0.0688 0.3222
2 0.1719 0.35 0.25 0.4778
2 0.4062 0.8056 0.1375 0.3833
2 0.0922 0.3694 0.175 0.7333
3 0.9516 0.3639 0.0719 0.1278
3 0.9484 0.225 0.0688 0.1222
0 0.6281 0.0861 0.1031 0.1611
1 0.4781 0.35 0.1281 0.2278
3 0.9867 0.0833 0.0266 0.1556
0 0.3938 0.4806 0.1594 0.2722
2 0.1672 0.6417 0.1281 0.3389
0 0.0875 0.7556 0.1312 0.1444