1 0.0266 0.8722 0.0531 0.25
2 0.1484 0.3556 0.2281 0.2111
2 0.525 0.4778 0.2094 0.4444
2 0.8484 0.6333 0.1594 0.3944
2 0.8516 0.1444 0.2438 0.2833
2 0.6781 0.775 0.1156 0.2222
3 0.6016 0.0889 0.0969 0.1722
2 0.5406 0.35 0.2188 0.6944
0 0.8406 0.7639 0.1094 0.1833
0 0.7719 0.2167 0.2312 0.4111
1 0.6047 0.7583 0.1469 0.2611
2 0.2109 0.3528 0.1375 0.2444
3 0.0125 0.3639 0.025 0.1278
3 0.0102 0.225 0.0203 0.1222
1 0.9125 0.3528 0.1312 0.2333
1 0.9281 0.5028 0.1219 0.2167
3 0.0547 0.0833 0.0875 0.1556
1 0.1453 0.7667 0.0969 0.1722
2 0.3766 0.475 0.2656 0.5833