1 0.8859 0.3333 0.1406 0.25
1 0.2672 0.7667 0.0906 0.1611
1 0.4953 0.0917 0.1 0.1778
0 0.7375 0.8861 0.1906 0.2222
2 0.9586 0.7722 0.0828 0.2444
2 0.7422 0.4778 0.2 0.2556
0 0.2703 0.6306 0.075 0.1667
2 0.8062 0.7694 0.1094 0.2278
1 0.7281 0.0833 0.0906 0.1611
0 0.4125 0.3333 0.2 0.2111
2 0.6484 0.3306 0.0781 0.1611
2 0.4266 0.6361 0.1312 0.5889
0 0.8094 0.2056 0.1562 0.2722
0 0.5797 0.7722 0.2312 0.2944
1 0.5766 0.1028 0.1125 0.2
0 0.4984 0.6361 0.0562 0.2722
2 0.0109 0.2139 0.0219 0.4222
1 0.9438 0.2139 0.1125 0.2611
2 0.9359 0.1417 0.1281 0.2778
0 0.6547 0.6417 0.125 0.2444
0 0.9797 0.3389 0.0406 0.1889