1 0.7812 0.3417 0.0938 0.1667
1 0.5516 0.9139 0.0938 0.1667
3 0.1609 0.3472 0.0688 0.1222
0 0.0922 0.8222 0.1844 0.35
2 0.9594 0.6194 0.0812 0.2722
3 0.0219 0.6111 0.0438 0.1611
2 0.0648 0.2444 0.1297 0.4833
3 0.5516 0.3556 0.0875 0.1556
0 0.4766 0.0694 0.1156 0.0889
1 0.4703 0.6083 0.125 0.2222
1 0.7812 0.2056 0.0875 0.1556
3 0.0289 0.7667 0.0578 0.15
1 0.6344 0.4806 0.1031 0.1833
1 0.9359 0.3639 0.1281 0.2333
2 0.4797 0.2472 0.1312 0.4889
0 0.7 0.625 0.0938 0.1778
3 0.7 0.3417 0.0812 0.1444
0 0.2391 0.2083 0.0812 0.0667