1 0.2266 0.1972 0.1312 0.2333
0 0.3156 0.2 0.225 0.3944
2 0.7047 0.4944 0.2719 0.3556
1 0.7828 0.8861 0.0875 0.1556
2 0.6953 0.7778 0.1719 0.2556
0 0.775 0.7722 0.1531 0.2444
2 0.2422 0.85 0.2031 0.2944
3 0.7766 0.0861 0.0938 0.1667
0 0.0602 0.6361 0.1203 0.3667
2 0.3906 0.2139 0.2406 0.1889
0 0.0688 0.3556 0.0656 0.1389
1 0.9289 0.6222 0.1422 0.2611
1 0.8531 0.3361 0.1156 0.2056
1 0.4719 0.6389 0.0969 0.1722
2 0.5391 0.6361 0.2906 0.5722
0 0.8578 0.7472 0.1125 0.1778
2 0.032 0.8667 0.0641 0.2611
3 0.2312 0.35 0.0625 0.1111
1 0.9805 0.9083 0.0391 0.1722
2 0.0312 0.2667 0.0625 0.5278
3 0.0211 0.7722 0.0422 0.1222
3 0.7 0.625 0.0969 0.1722
2 0.6984 0.7889 0.1969 0.4167
2 0.475 0.8028 0.3062 0.3889
1 0.8516 0.2111 0.1125 0.2
0 0.9844 0.1139 0.0312 0.2222