1 0.2562 0.3417 0.0938 0.1667
1 0.0367 0.9139 0.0734 0.1667
3 0.6625 0.2083 0.0625 0.1111
2 0.4906 0.6194 0.1938 0.2722
2 0.9531 0.6139 0.0938 0.2056
3 0.0352 0.3556 0.0703 0.1556
0 0.0047 0.0694 0.0094 0.0889
2 0.5656 0.7722 0.0781 0.1667
2 0.8031 0.6139 0.1344 0.2889
1 0.0039 0.6083 0.0078 0.2222
1 0.2562 0.2056 0.0875 0.1556
1 0.1094 0.4806 0.1031 0.1833
1 0.6469 0.75 0.1344 0.2389
1 0.4125 0.3639 0.1312 0.2333
2 0.0102 0.2472 0.0203 0.4889
0 0.175 0.625 0.0938 0.1778
1 0.8844 0.3639 0.0906 0.1611
3 0.175 0.3417 0.0812 0.1444
3 0.9992 0.8861 0.0016 0.1389