2 0.0109 0.5028 0.0219 0.2722
1 0.9992 0.7722 0.0016 0.2111
0 0.3562 0.0917 0.0688 0.1778
3 0.9 0.3417 0.0812 0.1444
1 0.3594 0.7556 0.1156 0.2056
3 0.5938 0.9167 0.0688 0.1222
3 0.0023 0.0778 0.0047 0.15
0 0.0555 0.3444 0.1109 0.2222
3 0.2797 0.3556 0.0656 0.1167
1 0.9648 0.1028 0.0703 0.2
0 0.1922 0.6417 0.0719 0.1333
2 0.3547 0.35 0.1219 0.2389
2 0.1984 0.1528 0.0906 0.3
1 0.5797 0.0917 0.1 0.1778
0 0.5844 0.2056 0.0625 0.2889
2 0.0625 0.7583 0.125 0.3444
3 0.1109 0.9028 0.0844 0.15
1 0.4344 0.2028 0.1375 0.2444
2 0.9117 0.7167 0.1766 0.5611
1 0.6688 0.2167 0.0969 0.1722
1 0.9047 0.0889 0.0969 0.1722
2 0.9805 0.2139 0.0391 0.3111
3 0.2047 0.2111 0.0844 0.15
3 0.8312 0.2 0.0844 0.15