3 0.8906 0.7667 0.075 0.1333
2 0.175 0.4778 0.2094 0.4444
2 0.4984 0.6333 0.1594 0.3944
2 0.5016 0.1444 0.2438 0.2833
2 0.3281 0.775 0.1156 0.2222
3 0.2516 0.0889 0.0969 0.1722
2 0.8766 0.3389 0.1344 0.4833
2 0.1906 0.35 0.2188 0.6944
0 0.4906 0.7639 0.1094 0.1833
0 0.4219 0.2167 0.2312 0.4111
1 0.2547 0.7583 0.1469 0.2611
1 0.9906 0.1972 0.0188 0.2111
1 0.9992 0.9 0.0016 0.1778
2 0.8812 0.6083 0.1562 0.1944
1 0.7219 0.8722 0.1406 0.25
1 0.5625 0.3528 0.1312 0.2333
1 0.5781 0.5028 0.1219 0.2167
0 0.8828 0.0889 0.075 0.1722
2 0.9586 0.1944 0.0828 0.3833
2 0.7969 0.675 0.1688 0.6444
1 0.7375 0.6083 0.1469 0.2611
2 0.0797 0.475 0.1594 0.5833