3 0.2297 0.3583 0.0938 0.1667
1 0.8578 0.9139 0.0938 0.1667
3 0.4672 0.3472 0.0688 0.1222
0 0.3969 0.8222 0.1875 0.35
3 0.3047 0.6111 0.0906 0.1611
2 0.3078 0.2444 0.2562 0.4833
3 0.0828 0.9083 0.0875 0.1556
3 0.8578 0.3556 0.0875 0.1556
0 0.7828 0.0694 0.1156 0.0889
1 0.7766 0.6083 0.125 0.2222
3 0.3219 0.7667 0.0844 0.15
1 0.9406 0.4806 0.1031 0.1833
2 0.1547 0.7611 0.1875 0.4722
2 0.7859 0.2472 0.1312 0.4889
0 0.9797 0.625 0.0406 0.1778
3 0.9828 0.3417 0.0344 0.1444
0 0.5453 0.2083 0.0812 0.0667