1 0.625 0.1917 0.0875 0.1556
2 0.2328 0.2 0.2031 0.3333
3 0.8562 0.075 0.0812 0.1444
1 0.6266 0.4806 0.1281 0.2278
2 0.8594 0.625 0.1594 0.1889
3 0.7797 0.475 0.0688 0.1222
2 0.4688 0.275 0.2688 0.5444
2 0.925 0.3417 0.15 0.2944
3 0.5484 0.1972 0.0938 0.1667
1 0.1531 0.1111 0.1219 0.2167
1 0.9375 0.2056 0.1062 0.1889
0 0.9555 0.7667 0.0891 0.15
3 0.1688 0.625 0.0594 0.1056
0 0.3125 0.9139 0.1344 0.1222
2 0.475 0.8861 0.2312 0.15
1 0.4031 0.7778 0.1 0.1778
2 0.3922 0.2194 0.1469 0.2389
3 0.1688 0.2 0.0625 0.1111
3 0.1719 0.9028 0.0875 0.1556
2 0.075 0.6167 0.125 0.15