3 0.6469 0.6222 0.075 0.1333
3 0.1812 0.2083 0.0625 0.1111
2 0.0531 0.6194 0.1062 0.2722
3 0.6438 0.0861 0.0594 0.1056
1 0.9438 0.8806 0.1125 0.2333
0 0.9859 0.4944 0.0281 0.2056
2 0.4828 0.6139 0.1156 0.2056
1 0.7141 0.1972 0.1094 0.1944
3 0.7938 0.2167 0.0812 0.1444
2 0.0844 0.7722 0.0781 0.1667
2 0.3219 0.6139 0.1344 0.2889
0 0.7234 0.3333 0.1188 0.1944
1 0.1656 0.75 0.1344 0.2389
0 0.9984 0.7528 0.0031 0.1389
1 0.4031 0.3639 0.0906 0.1611
1 0.7172 0.625 0.1125 0.2
3 0.5562 0.8861 0.0781 0.1389