0 0.1719 0.5028 0.0812 0.1444
1 0.2578 0.5028 0.0938 0.1667
2 0.7141 0.2 0.2031 0.3333
0 0.093 0.3528 0.1859 0.3667
2 0.9078 0.275 0.1844 0.5444
3 0.9914 0.1972 0.0172 0.1667
1 0.6344 0.1111 0.1219 0.2167
1 0.1062 0.2056 0.1219 0.2167
0 0.1672 0.9056 0.0844 0.1333
1 0.0367 0.7611 0.0734 0.2
0 0.4062 0.75 0.1281 0.2722
3 0.65 0.625 0.0594 0.1056
0 0.7938 0.9139 0.1344 0.1222
2 0.9203 0.8861 0.1594 0.15
1 0.8844 0.7778 0.1 0.1778
2 0.8734 0.2194 0.1469 0.2389
3 0.65 0.2 0.0625 0.1111
1 0.0422 0.8944 0.0844 0.2056
0 0.4078 0.4917 0.0875 0.1556
3 0.6531 0.9028 0.0875 0.1556
2 0.5562 0.6167 0.125 0.15