2 0.0438 0.3556 0.0875 0.2111
2 0.35 0.4778 0.2094 0.4444
2 0.6734 0.6333 0.1594 0.3944
2 0.6766 0.1444 0.2438 0.2833
2 0.5031 0.775 0.1156 0.2222
3 0.4266 0.0889 0.0969 0.1722
2 0.9922 0.3389 0.0156 0.4833
2 0.3656 0.35 0.2188 0.6944
0 0.6656 0.7639 0.1094 0.1833
0 0.5969 0.2167 0.2312 0.4111
1 0.4297 0.7583 0.1469 0.2611
2 0.0523 0.3528 0.1047 0.2444
2 0.9891 0.6083 0.0219 0.1944
1 0.8969 0.8722 0.1406 0.25
1 0.7375 0.3528 0.1312 0.2333
1 0.7531 0.5028 0.1219 0.2167
1 0.0094 0.7667 0.0188 0.1722
2 0.9438 0.675 0.1125 0.6444
1 0.9125 0.6083 0.1469 0.2611
2 0.2016 0.475 0.2656 0.5833