1 0.7516 0.7722 0.1188 0.2111
0 0.05 0.0917 0.0688 0.1778
3 0.5938 0.3417 0.0812 0.1444
1 0.0555 0.7556 0.1109 0.2056
3 0.2875 0.9167 0.0688 0.1222
3 0.9703 0.9056 0.0594 0.1667
3 0.0031 0.3556 0.0062 0.1167
1 0.6797 0.1028 0.1125 0.2
2 0.9438 0.4806 0.1125 0.4833
2 0.9328 0.1111 0.1344 0.2167
2 0.9109 0.6167 0.1719 0.2278
2 0.0547 0.35 0.1094 0.2389
1 0.2734 0.0917 0.1 0.1778
0 0.2781 0.2056 0.0625 0.2889
1 0.9625 0.1972 0.075 0.2444
1 0.1281 0.2028 0.1375 0.2444
2 0.6719 0.7167 0.3094 0.5611
1 0.3625 0.2167 0.0969 0.1722
1 0.5984 0.0889 0.0969 0.1722
2 0.7438 0.2139 0.1781 0.3111
3 0.525 0.2 0.0844 0.15