1 0.4062 0.1917 0.0875 0.1556
2 0.0578 0.2 0.1156 0.3333
0 0.8719 0.2056 0.15 0.25
3 0.6375 0.075 0.0812 0.1444
3 0.9922 0.5028 0.0156 0.1611
1 0.4078 0.4806 0.1281 0.2278
2 0.6406 0.625 0.1594 0.1889
3 0.5609 0.475 0.0688 0.1222
2 0.25 0.275 0.2688 0.5444
2 0.7328 0.3417 0.2031 0.2944
2 0.8891 0.3361 0.1406 0.4556
3 0.3297 0.1972 0.0938 0.1667
2 0.9781 0.2556 0.0438 0.5056
1 0.7188 0.2056 0.1062 0.1889
0 0.7984 0.7667 0.2125 0.15
1 0.9531 0.1056 0.0938 0.2056
0 0.0938 0.9139 0.1344 0.1222
2 0.2562 0.8861 0.2312 0.15
1 0.1844 0.7778 0.1 0.1778
2 0.1734 0.2194 0.1469 0.2389
3 0.9578 0.3306 0.0656 0.1167