3 0.5188 0.2139 0.0781 0.1389
3 0.1891 0.7583 0.0812 0.1444
2 0.5812 0.7056 0.3031 0.5833
0 0.6609 0.2222 0.1062 0.4389
2 0.7516 0.6083 0.3 0.2278
1 0.4219 0.8806 0.1312 0.2333
3 0.8953 0.6083 0.0688 0.1222
0 0.0305 0.1806 0.0609 0.3556
0 0.9094 0.2167 0.1094 0.1722
0 0.6641 0.4833 0.1219 0.2
0 0.1203 0.225 0.1688 0.3389
3 0.3609 0.6361 0.0719 0.1278
1 0.2828 0.4694 0.125 0.2222
3 0.1234 0.0861 0.0938 0.1667
1 0.5031 0.7611 0.125 0.2222
0 0.4281 0.7611 0.1875 0.1667
1 0.1109 0.3639 0.1062 0.1889
1 0.4375 0.4806 0.1062 0.1889
0 0.2016 0.1528 0.1938 0.3
0 0.0047 0.2056 0.0094 0.1611
3 0.5781 0.0583 0.0625 0.1111