0 0.1594 0.4778 0.1 0.1778
2 0.1562 0.7722 0.1031 0.3389
2 0.1641 0.6333 0.2938 0.2889
1 0.9508 0.0917 0.0984 0.1778
1 0.625 0.1028 0.1125 0.2
2 0.5641 0.2222 0.2031 0.4389
0 0.0258 0.3472 0.0516 0.15
2 0.7812 0.5028 0.2188 0.2667
0 0.3234 0.3417 0.0875 0.15
3 0.7125 0.8917 0.075 0.1333
0 0.5516 0.8417 0.1375 0.3111
2 0.475 0.4722 0.3125 0.2889
0 0.7125 0.2111 0.1531 0.15
0 0.5547 0.7556 0.125 0.2333
2 0.7844 0.6167 0.1938 0.3333
0 0.4719 0.3444 0.1312 0.2222
0 0.3953 0.1278 0.1281 0.25
2 0.1594 0.8556 0.2156 0.2833
3 0.6312 0.7694 0.0938 0.1667
2 0.6281 0.8389 0.1281 0.3167
0 0.4734 0.1583 0.1656 0.3111