1 0.5797 0.3333 0.1406 0.25
1 0.0031 0.7667 0.0062 0.1611
1 0.1891 0.0917 0.1 0.1778
0 0.4312 0.8861 0.1906 0.2222
2 0.6547 0.7722 0.0875 0.2444
2 0.4359 0.4778 0.2 0.2556
0 0.0008 0.6306 0.0016 0.1667
2 0.8875 0.5028 0.225 0.2333
2 0.5 0.7694 0.1094 0.2278
1 0.4219 0.0833 0.0906 0.1611
0 0.1062 0.3333 0.2 0.2111
2 0.3422 0.3306 0.0781 0.1611
2 0.1203 0.6361 0.1312 0.5889
0 0.5031 0.2056 0.1562 0.2722
0 0.2734 0.7722 0.2312 0.2944
1 0.2703 0.1028 0.1125 0.2
0 0.1922 0.6361 0.0562 0.2722
2 0.9883 0.3444 0.0234 0.3722
0 0.9906 0.4778 0.0188 0.2944
1 0.6547 0.2139 0.1469 0.2611
2 0.6641 0.1417 0.1969 0.2778
0 0.3484 0.6417 0.125 0.2444
0 0.7391 0.3389 0.1719 0.1889