1 0.3141 0.7694 0.0906 0.1611
0 0.932 0.3472 0.1359 0.2944
3 0.0211 0.0639 0.0422 0.1167
2 0.7109 0.3389 0.1281 0.55
1 0.3984 0.2028 0.1281 0.2278
0 0.5547 0.8861 0.1094 0.2222
1 0.4797 0.3444 0.1156 0.2056
0 0.7125 0.4694 0.2344 0.4222
3 0.6406 0.2194 0.0875 0.1556
0 0.0922 0.4972 0.1188 0.2111
0 0.7016 0.6361 0.1469 0.2
3 0.5453 0.625 0.0938 0.1667
0 0.0008 0.6139 0.0016 0.1778
3 0.8656 0.4889 0.0625 0.1111
1 0.3906 0.4861 0.0969 0.1722
1 0.5562 0.3417 0.1312 0.2333
3 0.6391 0.7722 0.0719 0.1278