2 0.9891 0.1111 0.0219 0.2167
2 0.1133 0.7806 0.2266 0.2667
0 0.5594 0.75 0.0844 0.1722
0 0.0031 0.7806 0.0062 0.2056
3 0.9969 0.4972 0.0062 0.1222
0 0.8688 0.4694 0.0719 0.1833
3 0.4922 0.6139 0.0844 0.15
3 0.3234 0.6306 0.0781 0.1389
1 0.7141 0.6222 0.1094 0.1944
3 0.8828 0.6306 0.0844 0.15
3 0.7906 0.3611 0.0969 0.1722
1 0.9438 0.8889 0.1125 0.2167
3 0.7984 0.1917 0.075 0.1333
3 0.5578 0.4889 0.0969 0.1722
2 0.4906 0.1028 0.1281 0.2
0 0.7219 0.3556 0.1938 0.3667
1 0.3344 0.4917 0.1469 0.2611
3 0.0938 0.3556 0.0625 0.1111