1 0.8141 0.8722 0.1406 0.25
2 0.0883 0.4972 0.1766 0.3778
2 0.2719 0.2 0.1656 0.2389
0 0.4266 0.2139 0.0875 0.2278
2 0.0047 0.8806 0.0094 0.2333
2 0.9328 0.3556 0.1344 0.2111
0 0.6656 0.5028 0.0688 0.3222
2 0.0828 0.35 0.1656 0.4778
2 0.275 0.8056 0.1375 0.3833
2 0.9867 0.3528 0.0266 0.2444
2 0.0242 0.3694 0.0484 0.7333
3 0.8203 0.3639 0.0719 0.1278
3 0.8172 0.225 0.0688 0.1222
0 0.4969 0.0861 0.1031 0.1611
1 0.3469 0.35 0.1281 0.2278
3 0.8859 0.0833 0.0875 0.1556
1 0.9641 0.7667 0.0719 0.1722
0 0.2625 0.4806 0.1594 0.2722
2 0.05 0.6417 0.1 0.3389
0 0.0109 0.7556 0.0219 0.1444