1 0.0422 0.3417 0.0844 0.1667
3 0.9094 0.6222 0.075 0.1333
3 0.4438 0.2083 0.0625 0.1111
2 0.2719 0.6194 0.1938 0.2722
3 0.9062 0.0861 0.0594 0.1056
2 0.7453 0.6139 0.1156 0.2056
1 0.9609 0.1972 0.0781 0.1944
2 0.3469 0.7722 0.0781 0.1667
2 0.5844 0.6139 0.1344 0.2889
1 0.0406 0.2056 0.0812 0.1556
0 0.9633 0.3333 0.0734 0.1944
1 0.4281 0.75 0.1344 0.2389
1 0.1938 0.3639 0.1312 0.2333
0 0.0016 0.625 0.0031 0.1778
1 0.6656 0.3639 0.0906 0.1611
1 0.9617 0.625 0.0766 0.2
3 0.8188 0.8861 0.0781 0.1389