1 0.5328 0.7722 0.1188 0.2111
3 0.375 0.3417 0.0812 0.1444
3 0.0688 0.9167 0.0688 0.1222
3 0.7688 0.9056 0.0938 0.1667
1 0.9188 0.8861 0.0969 0.1722
1 0.4609 0.1028 0.1125 0.2
2 0.7703 0.4806 0.2031 0.4833
2 0.7672 0.1111 0.2406 0.2167
2 0.6922 0.6167 0.1719 0.2278
1 0.0547 0.0917 0.1 0.1778
0 0.0594 0.2056 0.0625 0.2889
1 0.775 0.1972 0.1375 0.2444
1 0.9664 0.8889 0.0672 0.2111
0 0.9875 0.3444 0.025 0.1444
2 0.4531 0.7167 0.3094 0.5611
1 0.1438 0.2167 0.0969 0.1722
1 0.3797 0.0889 0.0969 0.1722
2 0.525 0.2139 0.1781 0.3111
3 0.3062 0.2 0.0844 0.15
0 0.9117 0.775 0.1766 0.3389