0 0.3469 0.2056 0.15 0.25
3 0.1125 0.075 0.0812 0.1444
3 0.5047 0.5028 0.0906 0.1611
2 0.1156 0.625 0.1594 0.1889
3 0.0359 0.475 0.0688 0.1222
2 0.2078 0.3417 0.2031 0.2944
2 0.3641 0.3361 0.1406 0.4556
2 0.5109 0.2556 0.1594 0.5056
0 0.6609 0.1528 0.1719 0.3
2 0.8953 0.7667 0.1344 0.3111
1 0.1938 0.2056 0.1062 0.1889
0 0.2734 0.7667 0.2125 0.15
0 0.9953 0.3639 0.0094 0.2111
1 0.4391 0.1056 0.1156 0.2056
0 0.8969 0.4778 0.0875 0.1444
2 0.9641 0.2667 0.0719 0.5278
3 0.9664 0.1944 0.0672 0.1722
3 0.7422 0.0833 0.0906 0.1611
3 0.4328 0.3306 0.0656 0.1167
2 0.5984 0.3361 0.1344 0.4444
0 0.7453 0.9083 0.1375 0.1556
0 0.5906 0.6361 0.0719 0.2167