2 0.068 0.6139 0.1359 0.2056
3 0.7812 0.2139 0.0781 0.1389
3 0.4516 0.7583 0.0812 0.1444
2 0.8438 0.7056 0.3031 0.5833
0 0.9234 0.2222 0.1062 0.4389
2 0.932 0.6083 0.1359 0.2278
1 0.6844 0.8806 0.1312 0.2333
0 0.2266 0.1806 0.1938 0.3556
0 0.9266 0.4833 0.1219 0.2
0 0.3828 0.225 0.1688 0.3389
3 0.6234 0.6361 0.0719 0.1278
1 0.5453 0.4694 0.125 0.2222
3 0.3859 0.0861 0.0938 0.1667
1 0.7656 0.7611 0.125 0.2222
0 0.6906 0.7611 0.1875 0.1667
1 0.3734 0.3639 0.1062 0.1889
2 0.0719 0.1 0.1438 0.1944
1 0.7 0.4806 0.1062 0.1889
0 0.4641 0.1528 0.1938 0.3
0 0.15 0.2056 0.2438 0.1611
3 0.8406 0.0583 0.0625 0.1111