1 0.45 0.1917 0.0875 0.1556
2 0.0797 0.2 0.1594 0.3333
0 0.9156 0.2056 0.15 0.25
3 0.6812 0.075 0.0812 0.1444
1 0.4516 0.4806 0.1281 0.2278
2 0.6844 0.625 0.1594 0.1889
3 0.6047 0.475 0.0688 0.1222
2 0.2938 0.275 0.2688 0.5444
2 0.7766 0.3417 0.2031 0.2944
2 0.9312 0.3361 0.1375 0.4556
3 0.3734 0.1972 0.0938 0.1667
1 0.0195 0.1111 0.0391 0.2167
1 0.7625 0.2056 0.1062 0.1889
0 0.8422 0.7667 0.2125 0.15
1 0.975 0.1056 0.05 0.2056
3 0.0117 0.625 0.0234 0.1056
0 0.1375 0.9139 0.1344 0.1222
2 0.3 0.8861 0.2312 0.15
1 0.2281 0.7778 0.1 0.1778
2 0.2172 0.2194 0.1469 0.2389
3 0.9844 0.3306 0.0312 0.1167
3 0.0125 0.2 0.025 0.1111
3 0.0203 0.9028 0.0406 0.1556