2 0.2672 0.4944 0.2719 0.3556
1 0.3453 0.8861 0.0875 0.1556
2 0.2578 0.7778 0.1719 0.2556
0 0.3375 0.7722 0.1531 0.2444
0 0.9086 0.2083 0.1828 0.2222
3 0.3391 0.0861 0.0938 0.1667
2 0.7281 0.8444 0.1219 0.3056
1 0.8172 0.3333 0.1375 0.2444
3 0.8125 0.9194 0.0875 0.1556
2 0.0367 0.2139 0.0734 0.1889
1 0.4938 0.6222 0.1469 0.2611
1 0.8953 0.4972 0.1438 0.2556
3 0.8031 0.2194 0.0906 0.1611
1 0.4156 0.3361 0.1156 0.2056
1 0.0414 0.6389 0.0828 0.1722
2 0.1234 0.6361 0.2469 0.5722
0 0.4203 0.7472 0.1125 0.1778
1 0.7359 0.4889 0.1219 0.2167
2 0.8969 0.1667 0.1406 0.3278
1 0.5719 0.9083 0.0969 0.1722
3 0.9672 0.35 0.0656 0.1222
3 0.2625 0.625 0.0969 0.1722
3 0.6609 0.6111 0.075 0.1333
3 0.8031 0.4861 0.0594 0.1056
2 0.2609 0.7889 0.1969 0.4167
2 0.0953 0.8028 0.1906 0.3889
1 0.4141 0.2111 0.1125 0.2
0 0.5766 0.1139 0.0906 0.2222
2 0.9797 0.4861 0.0406 0.5222