1 0.7422 0.1167 0.1281 0.2278
1 0.0133 0.1306 0.0266 0.2556
1 0.9914 0.3639 0.0172 0.2333
2 0.35 0.4722 0.1125 0.3944
1 0.1969 0.3528 0.1031 0.1833
0 0.3562 0.1917 0.1312 0.1056
2 0.8141 0.5 0.0938 0.3111
3 0.8109 0.7556 0.0969 0.1722
0 0.9922 0.7639 0.0156 0.2389
2 0.6719 0.4694 0.2219 0.5889
0 0.5766 0.8889 0.1438 0.2167
2 0.9508 0.4944 0.0984 0.3889
1 0.9516 0.1306 0.0969 0.2556
3 0.3547 0.8889 0.0938 0.1667
2 0.0062 0.6194 0.0125 0.4
2 0.1859 0.1833 0.1875 0.3611
2 0.3562 0.3333 0.2094 0.3889