1 0.4484 0.3333 0.1406 0.25
1 0.0578 0.0917 0.1 0.1778
0 0.3 0.8861 0.1906 0.2222
2 0.5234 0.7722 0.0875 0.2444
2 0.3047 0.4778 0.2 0.2556
2 0.7578 0.5028 0.2281 0.2333
2 0.3688 0.7694 0.1094 0.2278
1 0.2906 0.0833 0.0906 0.1611
0 0.0375 0.3333 0.075 0.2111
2 0.2109 0.3306 0.0781 0.1611
2 0.0273 0.6361 0.0547 0.5889
0 0.3719 0.2056 0.1562 0.2722
0 0.1422 0.7722 0.2312 0.2944
1 0.1391 0.1028 0.1125 0.2
0 0.0609 0.6361 0.0562 0.2722
2 0.9219 0.3444 0.1531 0.3722
0 0.925 0.4778 0.15 0.2944
1 0.5234 0.2139 0.1469 0.2611
2 0.5328 0.1417 0.1969 0.2778
0 0.2172 0.6417 0.125 0.2444
0 0.6078 0.3389 0.1719 0.1889