3 0.5844 0.7667 0.075 0.1333
2 0.1922 0.6333 0.1594 0.3944
2 0.1953 0.1444 0.2438 0.2833
2 0.0398 0.775 0.0797 0.2222
2 0.5703 0.3389 0.1344 0.4833
0 0.1844 0.7639 0.1094 0.1833
0 0.1156 0.2167 0.2312 0.4111
1 0.0109 0.7583 0.0219 0.2611
1 0.7344 0.1972 0.1188 0.2111
1 0.7422 0.9 0.1 0.1778
2 0.575 0.6083 0.1562 0.1944
0 0.8031 0.4694 0.2156 0.3556
1 0.4156 0.8722 0.1406 0.25
0 0.8062 0.1528 0.2125 0.3
1 0.2562 0.3528 0.1312 0.2333
1 0.2719 0.5028 0.1219 0.2167
1 0.9586 0.9056 0.0828 0.1833
0 0.5766 0.0889 0.075 0.1722
2 0.6609 0.1944 0.1 0.3833
0 0.9805 0.1361 0.0391 0.2667
2 0.4906 0.675 0.1688 0.6444
1 0.4312 0.6083 0.1469 0.2611