1 0.8828 0.1972 0.1312 0.2333
0 0.9297 0.2 0.1406 0.3944
3 0.5719 0.4722 0.0719 0.1278
3 0.0344 0.5028 0.0688 0.1611
2 0.8984 0.85 0.2031 0.2944
0 0.6562 0.6361 0.2406 0.3667
2 0.9633 0.2139 0.0734 0.1889
0 0.725 0.3556 0.0656 0.1389
2 0.0547 0.2556 0.1094 0.5056
0 0.1797 0.1528 0.1719 0.3
2 0.4141 0.7667 0.1344 0.3111
0 0.5812 0.3639 0.1438 0.2111
1 0.0078 0.1056 0.0156 0.2056
2 0.6562 0.8667 0.1281 0.2611
0 0.4156 0.4778 0.0875 0.1444
3 0.8875 0.35 0.0625 0.1111
2 0.5828 0.2667 0.2719 0.5278
3 0.6641 0.7722 0.0688 0.1222
3 0.5 0.1944 0.0969 0.1722
3 0.2609 0.0833 0.0906 0.1611
2 0.1172 0.3361 0.1344 0.4444
2 0.9891 0.8028 0.0219 0.3889
0 0.2641 0.9083 0.1375 0.1556
0 0.1094 0.6361 0.0719 0.2167