1 0.5234 0.1167 0.1281 0.2278
1 0.8297 0.3639 0.1312 0.2333
2 0.1312 0.4722 0.1125 0.3944
1 0.0148 0.3528 0.0297 0.1833
0 0.1375 0.1917 0.1312 0.1056
2 0.5953 0.5 0.0938 0.3111
3 0.5922 0.7556 0.0969 0.1722
0 0.8312 0.7639 0.1312 0.2389
2 0.4531 0.4694 0.2219 0.5889
0 0.3578 0.8889 0.1438 0.2167
2 0.8414 0.4944 0.3172 0.3889
2 0.9062 0.1861 0.175 0.3667
1 0.7562 0.1306 0.1438 0.2556
0 0.9125 0.3611 0.1219 0.2167
3 0.1359 0.8889 0.0938 0.1667
2 0.0305 0.1833 0.0609 0.3611
2 0.1375 0.3333 0.2094 0.3889