3 0.5812 0.225 0.075 0.1333
0 0.35 0.2083 0.2906 0.2222
1 0.9047 0.3528 0.0969 0.1722
2 0.1156 0.8444 0.1219 0.3056
1 0.2047 0.3333 0.1375 0.2444
3 0.2 0.9194 0.0875 0.1556
1 0.2828 0.4972 0.1438 0.2556
3 0.1906 0.2194 0.0906 0.1611
1 0.1234 0.4889 0.1219 0.2167
0 0.9703 0.8972 0.0594 0.1611
2 0.2844 0.1667 0.1406 0.3278
1 0.0039 0.9083 0.0078 0.1722
3 0.3562 0.35 0.0688 0.1222
3 0.0484 0.6111 0.075 0.1333
3 0.1906 0.4861 0.0594 0.1056
0 0.0047 0.1139 0.0094 0.2222
2 0.9 0.5028 0.2 0.2111
2 0.4406 0.4861 0.1875 0.5222