0 0.0391 0.2 0.0781 0.3944
2 0.3547 0.4944 0.2719 0.3556
1 0.4328 0.8861 0.0875 0.1556
2 0.3453 0.7778 0.1719 0.2556
0 0.425 0.7722 0.1531 0.2444
0 0.9523 0.2083 0.0953 0.2222
3 0.4266 0.0861 0.0938 0.1667
2 0.8156 0.8444 0.1219 0.3056
1 0.9047 0.3333 0.1375 0.2444
3 0.9 0.9194 0.0875 0.1556
2 0.0805 0.2139 0.1609 0.1889
1 0.5812 0.6222 0.1469 0.2611
1 0.9555 0.4972 0.0891 0.2556
3 0.8906 0.2194 0.0906 0.1611
1 0.5031 0.3361 0.1156 0.2056
1 0.1219 0.6389 0.0969 0.1722
2 0.1891 0.6361 0.2906 0.5722
0 0.5078 0.7472 0.1125 0.1778
1 0.8234 0.4889 0.1219 0.2167
2 0.957 0.1667 0.0859 0.3278
1 0.6594 0.9083 0.0969 0.1722
3 0.35 0.625 0.0969 0.1722
3 0.7484 0.6111 0.075 0.1333
3 0.8906 0.4861 0.0594 0.1056
2 0.3484 0.7889 0.1969 0.4167
2 0.1391 0.8028 0.2781 0.3889
1 0.5016 0.2111 0.1125 0.2
0 0.6641 0.1139 0.0906 0.2222