2 0.0242 0.6139 0.0484 0.2056
3 0.6938 0.2139 0.0781 0.1389
3 0.3641 0.7583 0.0812 0.1444
2 0.7562 0.7056 0.3031 0.5833
0 0.8359 0.2222 0.1062 0.4389
2 0.8883 0.6083 0.2234 0.2278
1 0.5969 0.8806 0.1312 0.2333
0 0.1391 0.1806 0.1938 0.3556
0 0.8391 0.4833 0.1219 0.2
0 0.2953 0.225 0.1688 0.3389
3 0.5359 0.6361 0.0719 0.1278
1 0.4578 0.4694 0.125 0.2222
3 0.2984 0.0861 0.0938 0.1667
1 0.6781 0.7611 0.125 0.2222
0 0.6031 0.7611 0.1875 0.1667
1 0.2859 0.3639 0.1062 0.1889
2 0.0281 0.1 0.0562 0.1944
1 0.6125 0.4806 0.1062 0.1889
0 0.3766 0.1528 0.1938 0.3
0 0.0922 0.2056 0.1844 0.1611
3 0.7531 0.0583 0.0625 0.1111