1 0.1828 0.7722 0.1188 0.2111
2 0.9445 0.4972 0.1109 0.3778
3 0.0328 0.3417 0.0656 0.1444
2 0.9547 0.8806 0.0906 0.2333
2 0.9609 0.35 0.0781 0.4778
3 0.4188 0.9056 0.0938 0.1667
1 0.5688 0.8861 0.0969 0.1722
1 0.1109 0.1028 0.1125 0.2
2 0.4203 0.4806 0.2031 0.4833
2 0.4172 0.1111 0.2406 0.2167
2 0.3422 0.6167 0.1719 0.2278
2 0.9398 0.3694 0.1203 0.7333
1 0.425 0.1972 0.1375 0.2444
1 0.6422 0.8889 0.1188 0.2111
0 0.6516 0.3444 0.0531 0.1444
2 0.1289 0.7167 0.2578 0.5611
1 0.0391 0.0889 0.0781 0.1722
2 0.175 0.2139 0.1781 0.3111
0 0.5688 0.775 0.1906 0.3389
2 0.8125 0.4917 0.1188 0.4111
2 0.9891 0.6417 0.0219 0.3389
0 0.9484 0.7556 0.1031 0.1444