1 0.2703 0.7722 0.1188 0.2111
2 0.9883 0.4972 0.0234 0.3778
3 0.1125 0.3417 0.0812 0.1444
2 0.9984 0.8806 0.0031 0.2333
3 0.5062 0.9056 0.0938 0.1667
1 0.6562 0.8861 0.0969 0.1722
1 0.1984 0.1028 0.1125 0.2
2 0.5078 0.4806 0.2031 0.4833
2 0.5047 0.1111 0.2406 0.2167
2 0.4297 0.6167 0.1719 0.2278
2 0.9836 0.3694 0.0328 0.7333
1 0.5125 0.1972 0.1375 0.2444
1 0.7297 0.8889 0.1188 0.2111
0 0.7391 0.3444 0.0531 0.1444
2 0.1906 0.7167 0.3094 0.5611
1 0.1172 0.0889 0.0969 0.1722
2 0.2625 0.2139 0.1781 0.3111
3 0.0438 0.2 0.0844 0.15
0 0.6562 0.775 0.1906 0.3389
2 0.9 0.4917 0.1188 0.4111
0 0.9922 0.7556 0.0156 0.1444