1 0.5297 0.7556 0.1469 0.2611
0 0.9984 0.5 0.0031 0.2444
3 0.375 0.3389 0.0906 0.1611
1 0.75 0.8861 0.125 0.2222
2 0.8375 0.2028 0.1719 0.4
1 0.2891 0.1306 0.1438 0.2556
0 0.3641 0.2361 0.2469 0.4667
0 0.9539 0.3333 0.0922 0.15
3 0.2906 0.7667 0.0875 0.1556
2 0.5219 0.4694 0.1125 0.4
1 0.8344 0.8889 0.1219 0.2167
3 0.6125 0.0861 0.0594 0.1056
1 0.4469 0.75 0.0938 0.1667
2 0.9141 0.5028 0.1469 0.25
1 0.5328 0.2028 0.1094 0.1944
0 0.1328 0.4889 0.1094 0.1889
2 0.4547 0.8417 0.2469 0.3111
0 0.2859 0.9 0.0906 0.1611
3 0.9805 0.9167 0.0391 0.1056