2 0.0203 0.8417 0.0406 0.3111
1 0.9992 0.8833 0.0016 0.2278
3 0.275 0.7583 0.0812 0.1444
0 0.1984 0.2056 0.1094 0.1222
0 0.125 0.7583 0.1312 0.1278
0 0.6672 0.4861 0.2656 0.1833
3 0.5859 0.9028 0.0844 0.15
3 0.4328 0.4778 0.0781 0.1389
2 0.675 0.2083 0.0875 0.2278
1 0.9977 0.1139 0.0047 0.2222
0 0.9109 0.9 0.1 0.0278
3 0.0484 0.7694 0.0812 0.1444
3 0.2047 0.8944 0.0781 0.1389
0 0.2844 0.6333 0.225 0.1444
0 0.1906 0.6139 0.2875 0.1722
1 0.018 0.3389 0.0359 0.25
0 0.8984 0.6083 0.175 0.1111
3 0.1922 0.35 0.0844 0.15
0 0.5109 0.3417 0.0844 0.1389