2 0.1797 0.4944 0.2719 0.3556
1 0.2578 0.8861 0.0875 0.1556
2 0.1703 0.7778 0.1719 0.2556
0 0.25 0.7722 0.1531 0.2444
0 0.8648 0.2083 0.2703 0.2222
3 0.2516 0.0861 0.0938 0.1667
2 0.6406 0.8444 0.1219 0.3056
1 0.7297 0.3333 0.1375 0.2444
3 0.725 0.9194 0.0875 0.1556
1 0.4062 0.6222 0.1469 0.2611
1 0.8078 0.4972 0.1438 0.2556
3 0.7156 0.2194 0.0906 0.1611
1 0.3281 0.3361 0.1156 0.2056
2 0.0797 0.6361 0.1594 0.5722
0 0.3328 0.7472 0.1125 0.1778
1 0.6484 0.4889 0.1219 0.2167
2 0.8094 0.1667 0.1406 0.3278
1 0.4844 0.9083 0.0969 0.1722
3 0.8812 0.35 0.0688 0.1222
3 0.175 0.625 0.0969 0.1722
3 0.5734 0.6111 0.075 0.1333
3 0.7156 0.4861 0.0594 0.1056
2 0.1734 0.7889 0.1969 0.4167
2 0.0516 0.8028 0.1031 0.3889
1 0.3266 0.2111 0.1125 0.2
0 0.4891 0.1139 0.0906 0.2222
2 0.9359 0.4861 0.1281 0.5222