2 0.1875 0.5028 0.1062 0.2722
0 0.575 0.0917 0.0688 0.1778
0 0.1031 0.2167 0.1625 0.2889
1 0.5781 0.7556 0.1156 0.2056
3 0.8125 0.9167 0.0688 0.1222
0 0.0984 0.4694 0.075 0.1333
3 0.1812 0.0778 0.0844 0.15
0 0.1844 0.3444 0.2906 0.2222
3 0.4984 0.3556 0.0656 0.1167
0 0.4109 0.6417 0.0719 0.1333
2 0.5734 0.35 0.1219 0.2389
2 0.4172 0.1528 0.0906 0.3
1 0.7984 0.0917 0.1 0.1778
0 0.8031 0.2056 0.0625 0.2889
2 0.2562 0.7583 0.175 0.3444
3 0.3297 0.9028 0.0844 0.15
1 0.6531 0.2028 0.1375 0.2444
1 0.8875 0.2167 0.0969 0.1722
3 0.4234 0.2111 0.0844 0.15