1 0.0562 0.1917 0.0875 0.1556
0 0.5219 0.2056 0.15 0.25
3 0.2875 0.075 0.0812 0.1444
3 0.6797 0.5028 0.0906 0.1611
1 0.0609 0.4806 0.1219 0.2278
2 0.2906 0.625 0.1594 0.1889
3 0.2109 0.475 0.0688 0.1222
2 0.0172 0.275 0.0344 0.5444
2 0.3828 0.3417 0.2031 0.2944
2 0.5391 0.3361 0.1406 0.4556
3 0.0133 0.1972 0.0266 0.1667
2 0.6859 0.2556 0.1594 0.5056
0 0.8359 0.1528 0.1719 0.3
1 0.3688 0.2056 0.1062 0.1889
0 0.4484 0.7667 0.2125 0.15
1 0.6141 0.1056 0.1156 0.2056
2 0.0109 0.8861 0.0219 0.15
3 0.9172 0.0833 0.0906 0.1611
3 0.6078 0.3306 0.0656 0.1167
2 0.7734 0.3361 0.1344 0.4444
0 0.9203 0.9083 0.1375 0.1556
0 0.7656 0.6361 0.0719 0.2167