0 0.4344 0.5028 0.0812 0.1444
1 0.5203 0.5028 0.0938 0.1667
2 0.9375 0.2 0.125 0.3333
0 0.35 0.3528 0.1969 0.3667
1 0.8969 0.1111 0.1219 0.2167
1 0.3688 0.2056 0.1219 0.2167
0 0.4297 0.9056 0.0844 0.1333
1 0.2797 0.7611 0.1125 0.2
0 0.6688 0.75 0.1281 0.2722
2 0.0617 0.3444 0.1234 0.3722
3 0.9125 0.625 0.0594 0.1056
0 0.0672 0.4778 0.1344 0.2944
0 0.9945 0.9139 0.0109 0.1222
3 0.9125 0.2 0.0625 0.1111
1 0.2891 0.8944 0.1156 0.2056
0 0.6703 0.4917 0.0875 0.1556
3 0.9156 0.9028 0.0875 0.1556
2 0.8188 0.6167 0.125 0.15