1 0.3172 0.3333 0.1406 0.25
0 0.9977 0.3528 0.0047 0.3667
0 0.1688 0.8861 0.1906 0.2222
2 0.3922 0.7722 0.0875 0.2444
2 0.1734 0.4778 0.2 0.2556
2 0.6266 0.5028 0.2281 0.2333
2 0.2375 0.7694 0.1094 0.2278
1 0.1594 0.0833 0.0906 0.1611
2 0.0797 0.3306 0.0781 0.1611
0 0.2406 0.2056 0.1562 0.2722
0 0.0633 0.7722 0.1266 0.2944
1 0.9836 0.7611 0.0328 0.2
1 0.032 0.1028 0.0641 0.2
2 0.7906 0.3444 0.1531 0.3722
0 0.7984 0.4778 0.1594 0.2944
1 0.3922 0.2139 0.1469 0.2611
2 0.4016 0.1417 0.1969 0.2778
0 0.0859 0.6417 0.125 0.2444
1 0.9875 0.8944 0.025 0.2056
0 0.4766 0.3389 0.1719 0.1889