3 0.3438 0.2139 0.0781 0.1389
3 0.0273 0.7583 0.0547 0.1444
2 0.4062 0.7056 0.3031 0.5833
0 0.4859 0.2222 0.1062 0.4389
2 0.5766 0.6083 0.3 0.2278
1 0.2469 0.8806 0.1312 0.2333
3 0.7203 0.6083 0.0688 0.1222
0 0.7344 0.2167 0.1094 0.1722
0 0.4891 0.4833 0.1219 0.2
0 0.0148 0.225 0.0297 0.3389
2 0.9453 0.2139 0.1094 0.4222
3 0.1859 0.6361 0.0719 0.1278
1 0.1078 0.4694 0.125 0.2222
1 0.3281 0.7611 0.125 0.2222
0 0.2531 0.7611 0.1875 0.1667
1 0.2625 0.4806 0.1062 0.1889
0 0.0617 0.1528 0.1234 0.3
3 0.4031 0.0583 0.0625 0.1111