1 0.2016 0.8722 0.1406 0.25
2 0.3672 0.3556 0.2281 0.2111
2 0.7438 0.4778 0.2094 0.4444
2 0.9938 0.6333 0.0125 0.3944
0 0.0531 0.5028 0.0688 0.3222
2 0.9742 0.1444 0.0516 0.2833
2 0.8969 0.775 0.1156 0.2222
3 0.8203 0.0889 0.0969 0.1722
2 0.7594 0.35 0.2188 0.6944
0 0.9375 0.2167 0.125 0.4111
1 0.8234 0.7583 0.1469 0.2611
2 0.4297 0.3528 0.1375 0.2444
3 0.2078 0.3639 0.0719 0.1278
3 0.2047 0.225 0.0688 0.1222
3 0.2734 0.0833 0.0875 0.1556
1 0.3641 0.7667 0.0969 0.1722
2 0.5953 0.475 0.2656 0.5833