1 0.0047 0.8722 0.0094 0.25
2 0.1094 0.3556 0.2188 0.2111
2 0.4812 0.4778 0.2094 0.4444
2 0.8047 0.6333 0.1594 0.3944
2 0.8078 0.1444 0.2438 0.2833
2 0.6344 0.775 0.1156 0.2222
3 0.5578 0.0889 0.0969 0.1722
2 0.4969 0.35 0.2188 0.6944
0 0.7969 0.7639 0.1094 0.1833
0 0.7281 0.2167 0.2312 0.4111
1 0.5609 0.7583 0.1469 0.2611
2 0.1672 0.3528 0.1375 0.2444
1 0.9789 0.8722 0.0422 0.25
1 0.8688 0.3528 0.1312 0.2333
1 0.8844 0.5028 0.1219 0.2167
3 0.0273 0.0833 0.0547 0.1556
1 0.1016 0.7667 0.0969 0.1722
1 0.9852 0.6083 0.0297 0.2611
2 0.3328 0.475 0.2656 0.5833