3 0.9867 0.4722 0.0266 0.1278
0 0.3031 0.2056 0.15 0.25
3 0.0688 0.075 0.0812 0.1444
3 0.4609 0.5028 0.0906 0.1611
2 0.0758 0.625 0.1516 0.1889
3 0.0133 0.475 0.0266 0.1222
2 0.1641 0.3417 0.2031 0.2944
0 0.9867 0.6361 0.0266 0.3667
2 0.3203 0.3361 0.1406 0.4556
2 0.4672 0.2556 0.1594 0.5056
0 0.6172 0.1528 0.1719 0.3
2 0.8516 0.7667 0.1344 0.3111
1 0.15 0.2056 0.1062 0.1889
0 0.2297 0.7667 0.2125 0.15
0 0.9734 0.3639 0.0531 0.2111
1 0.3953 0.1056 0.1156 0.2056
0 0.8531 0.4778 0.0875 0.1444
2 0.9422 0.2667 0.1156 0.5278
3 0.9375 0.1944 0.0969 0.1722
3 0.6984 0.0833 0.0906 0.1611
3 0.3891 0.3306 0.0656 0.1167
2 0.5547 0.3361 0.1344 0.4444
0 0.7016 0.9083 0.1375 0.1556
0 0.5469 0.6361 0.0719 0.2167