2 0.4531 0.6139 0.1531 0.2056
2 0.2234 0.4972 0.1156 0.2444
3 0.8453 0.7583 0.0812 0.1444
3 0.0641 0.4694 0.0656 0.1167
0 0.6203 0.1806 0.1938 0.3556
3 0.1406 0.1917 0.0812 0.1444
0 0.7766 0.225 0.1688 0.3389
3 0.0625 0.3556 0.0844 0.15
3 0.9906 0.6361 0.0188 0.1278
1 0.9383 0.4694 0.1234 0.2222
3 0.7797 0.0861 0.0938 0.1667
3 0.3156 0.3639 0.0781 0.1389
0 0.9953 0.7611 0.0094 0.1667
1 0.7672 0.3639 0.1062 0.1889
2 0.4625 0.1 0.15 0.1944
0 0.8578 0.1528 0.1938 0.3
0 0.5438 0.2056 0.2438 0.1611
1 0.2984 0.1306 0.1438 0.2556
2 0.2297 0.3444 0.1312 0.2389