1 0.8578 0.8722 0.1406 0.25
2 0.1102 0.4972 0.2203 0.3778
2 0.3156 0.2 0.1656 0.2389
0 0.4703 0.2139 0.0875 0.2278
2 0.0266 0.8806 0.0531 0.2333
2 0.9547 0.3556 0.0906 0.2111
0 0.7094 0.5028 0.0688 0.3222
2 0.1047 0.35 0.2094 0.4778
2 0.3188 0.8056 0.1375 0.3833
2 0.0461 0.3694 0.0922 0.7333
3 0.8641 0.3639 0.0719 0.1278
3 0.8609 0.225 0.0688 0.1222
0 0.5406 0.0861 0.1031 0.1611
1 0.3906 0.35 0.1281 0.2278
3 0.9297 0.0833 0.0875 0.1556
1 0.9859 0.7667 0.0281 0.1722
0 0.3062 0.4806 0.1594 0.2722
2 0.0797 0.6417 0.1281 0.3389
0 0.0328 0.7556 0.0656 0.1444