2 0.9727 0.6139 0.0547 0.2056
2 0.7922 0.4972 0.1156 0.2444
3 0.0922 0.2083 0.075 0.1333
1 0.0344 0.6167 0.0688 0.1778
3 0.6328 0.4694 0.0656 0.1167
0 0.1 0.9028 0.0344 0.1889
0 0.0367 0.8861 0.0734 0.2222
3 0.7094 0.1917 0.0812 0.1444
2 0.2547 0.4833 0.1281 0.4056
3 0.6312 0.3556 0.0844 0.15
3 0.2469 0.2111 0.0781 0.1389
3 0.8844 0.3639 0.0781 0.1389
1 0.2516 0.6167 0.1406 0.25
2 0.9781 0.1 0.0438 0.1944
0 0.3328 0.8806 0.1375 0.2333
0 0.9953 0.2056 0.0094 0.1611
1 0.8672 0.1306 0.1438 0.2556
2 0.7984 0.3444 0.1312 0.2389
3 0.0906 0.0889 0.0969 0.1722