1 0.0953 0.7722 0.1188 0.2111
2 0.9008 0.4972 0.1984 0.3778
2 0.875 0.8806 0.1062 0.2333
2 0.9172 0.35 0.1656 0.4778
3 0.3312 0.9056 0.0938 0.1667
1 0.4812 0.8861 0.0969 0.1722
1 0.0398 0.1028 0.0797 0.2
2 0.3328 0.4806 0.2031 0.4833
2 0.3297 0.1111 0.2406 0.2167
2 0.2547 0.6167 0.1719 0.2278
2 0.8797 0.3694 0.175 0.7333
1 0.3375 0.1972 0.1375 0.2444
1 0.5547 0.8889 0.1188 0.2111
0 0.5641 0.3444 0.0531 0.1444
2 0.0852 0.7167 0.1703 0.5611
2 0.0883 0.2139 0.1766 0.3111
0 0.4812 0.775 0.1906 0.3389
2 0.725 0.4917 0.1188 0.4111
2 0.9453 0.6417 0.1094 0.3389
0 0.875 0.7556 0.1312 0.1444