3 0.7156 0.7667 0.075 0.1333
2 0.0523 0.4778 0.1047 0.4444
2 0.3234 0.6333 0.1594 0.3944
2 0.3266 0.1444 0.2438 0.2833
2 0.1531 0.775 0.1156 0.2222
3 0.0766 0.0889 0.0969 0.1722
2 0.7016 0.3389 0.1344 0.4833
2 0.0625 0.35 0.125 0.6944
0 0.3156 0.7639 0.1094 0.1833
0 0.2469 0.2167 0.2312 0.4111
1 0.0797 0.7583 0.1469 0.2611
1 0.8656 0.1972 0.1188 0.2111
1 0.8734 0.9 0.1 0.1778
2 0.7062 0.6083 0.1562 0.1944
0 0.9133 0.4694 0.1734 0.3556
1 0.5469 0.8722 0.1406 0.25
0 0.9156 0.1528 0.1688 0.3
1 0.3875 0.3528 0.1312 0.2333
1 0.4031 0.5028 0.1219 0.2167
0 0.7078 0.0889 0.075 0.1722
2 0.7922 0.1944 0.1 0.3833
2 0.6219 0.675 0.1688 0.6444
1 0.5625 0.6083 0.1469 0.2611