3 0.9344 0.7667 0.075 0.1333
2 0.2188 0.4778 0.2094 0.4444
2 0.5422 0.6333 0.1594 0.3944
2 0.5453 0.1444 0.2438 0.2833
2 0.3719 0.775 0.1156 0.2222
3 0.2953 0.0889 0.0969 0.1722
2 0.9203 0.3389 0.1344 0.4833
2 0.2344 0.35 0.2188 0.6944
0 0.5344 0.7639 0.1094 0.1833
0 0.4656 0.2167 0.2312 0.4111
1 0.2984 0.7583 0.1469 0.2611
2 0.9234 0.6083 0.1531 0.1944
1 0.7656 0.8722 0.1406 0.25
1 0.6062 0.3528 0.1312 0.2333
1 0.6219 0.5028 0.1219 0.2167
0 0.9266 0.0889 0.075 0.1722
2 0.9805 0.1944 0.0391 0.3833
2 0.8406 0.675 0.1688 0.6444
1 0.7812 0.6083 0.1469 0.2611
2 0.1016 0.475 0.2031 0.5833