1 0.8391 0.1972 0.1312 0.2333
0 0.9078 0.2 0.1844 0.3944
3 0.5281 0.4722 0.0719 0.1278
3 0.0125 0.5028 0.025 0.1611
2 0.8547 0.85 0.2031 0.2944
0 0.6125 0.6361 0.2406 0.3667
2 0.9414 0.2139 0.1172 0.1889
0 0.6812 0.3556 0.0656 0.1389
2 0.0328 0.2556 0.0656 0.5056
0 0.1359 0.1528 0.1719 0.3
2 0.3703 0.7667 0.1344 0.3111
0 0.5375 0.3639 0.1438 0.2111
2 0.6125 0.8667 0.1281 0.2611
0 0.3719 0.4778 0.0875 0.1444
3 0.8438 0.35 0.0625 0.1111
2 0.5391 0.2667 0.2719 0.5278
3 0.6203 0.7722 0.0688 0.1222
3 0.4562 0.1944 0.0969 0.1722
3 0.2172 0.0833 0.0906 0.1611
2 0.0734 0.3361 0.1344 0.4444
2 0.9672 0.8028 0.0656 0.3889
0 0.2203 0.9083 0.1375 0.1556
0 0.0656 0.6361 0.0719 0.2167