2 0.7297 0.4972 0.2938 0.3778
2 0.9445 0.2 0.1109 0.2389
2 0.6562 0.8806 0.1062 0.2333
2 0.7406 0.35 0.25 0.4778
3 0.1125 0.9056 0.0938 0.1667
1 0.2625 0.8861 0.0969 0.1722
2 0.1141 0.4806 0.2031 0.4833
2 0.1156 0.1111 0.2312 0.2167
2 0.0609 0.6167 0.1219 0.2278
2 0.9531 0.8056 0.0938 0.3833
2 0.6609 0.3694 0.175 0.7333
1 0.1188 0.1972 0.1375 0.2444
1 0.9914 0.35 0.0172 0.2278
1 0.3359 0.8889 0.1188 0.2111
0 0.3453 0.3444 0.0531 0.1444
0 0.2625 0.775 0.1906 0.3389
2 0.5062 0.4917 0.1188 0.4111
0 0.9414 0.4806 0.1172 0.2722
2 0.7359 0.6417 0.1281 0.3389
0 0.6562 0.7556 0.1312 0.1444