3 0.7906 0.4722 0.0719 0.1278
0 0.0844 0.2056 0.15 0.25
3 0.2422 0.5028 0.0906 0.1611
2 0.0234 0.3417 0.0469 0.2944
0 0.875 0.6361 0.2406 0.3667
2 0.1016 0.3361 0.1406 0.4556
0 0.9438 0.3556 0.0656 0.1389
2 0.2484 0.2556 0.1594 0.5056
0 0.3984 0.1528 0.1719 0.3
2 0.6328 0.7667 0.1344 0.3111
0 0.0586 0.7667 0.1172 0.15
0 0.8 0.3639 0.1438 0.2111
1 0.1766 0.1056 0.1156 0.2056
2 0.875 0.8667 0.1281 0.2611
0 0.6344 0.4778 0.0875 0.1444
2 0.8016 0.2667 0.2719 0.5278
3 0.8828 0.7722 0.0688 0.1222
3 0.7188 0.1944 0.0969 0.1722
3 0.4797 0.0833 0.0906 0.1611
3 0.1703 0.3306 0.0656 0.1167
2 0.3359 0.3361 0.1344 0.4444
0 0.4828 0.9083 0.1375 0.1556
0 0.3281 0.6361 0.0719 0.2167