1 0.4844 0.0861 0.0938 0.1667
3 0.8797 0.2083 0.075 0.1333
1 0.8062 0.6167 0.1 0.1778
1 0.0086 0.4722 0.0172 0.2556
2 0.007 0.7722 0.0141 0.3
0 0.1031 0.7611 0.1781 0.1
0 0.8875 0.9028 0.0344 0.1889
0 0.7953 0.8861 0.1312 0.2222
1 0.4812 0.8722 0.1406 0.25
1 0.0391 0.9028 0.0781 0.1722
1 0.5734 0.7722 0.1188 0.2111
1 0.0008 0.6167 0.0016 0.1778
2 0.9891 0.4833 0.0219 0.4056
3 0.9977 0.2111 0.0047 0.1389
0 0.0555 0.5028 0.1109 0.3278
1 0.9844 0.6167 0.0312 0.25
0 0.3328 0.1944 0.15 0.2556
1 0.2609 0.9 0.0906 0.1611
3 0.8781 0.0889 0.0969 0.1722