1 0.5422 0.2083 0.1031 0.1833
2 0.6953 0.625 0.1062 0.3
0 0.6078 0.7528 0.1281 0.2167
0 0.6109 0.2028 0.0844 0.1611
2 0.9469 0.7583 0.1062 0.4056
0 0.9797 0.6306 0.0406 0.1278
1 0.6188 0.8778 0.1344 0.2389
1 0.15 0.3306 0.1344 0.2389
0 0.9086 0.2083 0.1828 0.2944
1 0.0242 0.1083 0.0484 0.2111
2 0.2219 0.3639 0.2531 0.2278
3 0.7656 0.6167 0.0906 0.1611
2 0.9711 0.4889 0.0578 0.2833
1 0.5438 0.0944 0.1031 0.1833
2 0.9984 0.6139 0.0031 0.2167
2 0.2906 0.3472 0.1375 0.4833
0 0.5312 0.3444 0.0812 0.1944
3 0.6875 0.075 0.0812 0.1444