1 0.8422 0.3333 0.1406 0.25
1 0.2234 0.7667 0.0906 0.1611
1 0.4516 0.0917 0.1 0.1778
0 0.6938 0.8861 0.1906 0.2222
2 0.9172 0.7722 0.0875 0.2444
2 0.6984 0.4778 0.2 0.2556
0 0.2266 0.6306 0.075 0.1667
2 0.7625 0.7694 0.1094 0.2278
1 0.6844 0.0833 0.0906 0.1611
0 0.3688 0.3333 0.2 0.2111
2 0.6047 0.3306 0.0781 0.1611
2 0.3828 0.6361 0.1312 0.5889
0 0.7656 0.2056 0.1562 0.2722
0 0.5359 0.7722 0.2312 0.2944
1 0.5328 0.1028 0.1125 0.2
0 0.4547 0.6361 0.0562 0.2722
1 0.9172 0.2139 0.1469 0.2611
2 0.9141 0.1417 0.1719 0.2778
0 0.6109 0.6417 0.125 0.2444
0 0.9578 0.3389 0.0844 0.1889