1 0.1578 0.8722 0.1406 0.25
2 0.3234 0.3556 0.2281 0.2111
2 0.7 0.4778 0.2094 0.4444
2 0.9719 0.6333 0.0562 0.3944
0 0.0219 0.5028 0.0438 0.3222
2 0.9523 0.1444 0.0953 0.2833
2 0.8531 0.775 0.1156 0.2222
3 0.7766 0.0889 0.0969 0.1722
2 0.7156 0.35 0.2188 0.6944
0 0.9805 0.7639 0.0391 0.1833
0 0.9156 0.2167 0.1688 0.4111
1 0.7797 0.7583 0.1469 0.2611
2 0.3859 0.3528 0.1375 0.2444
3 0.1641 0.3639 0.0719 0.1278
3 0.1609 0.225 0.0688 0.1222
3 0.2297 0.0833 0.0875 0.1556
1 0.3203 0.7667 0.0969 0.1722
2 0.5516 0.475 0.2656 0.5833