3 0.9312 0.225 0.075 0.1333
2 0.0703 0.4944 0.1406 0.3556
1 0.0828 0.8861 0.0875 0.1556
2 0.0406 0.7778 0.0812 0.2556
0 0.0758 0.7722 0.1516 0.2444
0 0.7 0.2083 0.2906 0.2222
3 0.0766 0.0861 0.0938 0.1667
2 0.4656 0.8444 0.1219 0.3056
1 0.5547 0.3333 0.1375 0.2444
3 0.55 0.9194 0.0875 0.1556
1 0.2312 0.6222 0.1469 0.2611
1 0.6328 0.4972 0.1438 0.2556
3 0.5406 0.2194 0.0906 0.1611
1 0.1531 0.3361 0.1156 0.2056
0 0.1578 0.7472 0.1125 0.1778
1 0.4734 0.4889 0.1219 0.2167
2 0.6344 0.1667 0.1406 0.3278
1 0.3094 0.9083 0.0969 0.1722
3 0.7062 0.35 0.0688 0.1222
3 0.0242 0.625 0.0484 0.1722
3 0.3984 0.6111 0.075 0.1333
3 0.5406 0.4861 0.0594 0.1056
2 0.0484 0.7889 0.0969 0.4167
1 0.1516 0.2111 0.1125 0.2
0 0.3141 0.1139 0.0906 0.2222
2 0.7906 0.4861 0.1875 0.5222