1 0.5766 0.1972 0.1312 0.2333
0 0.6656 0.2 0.225 0.3944
3 0.2656 0.4722 0.0719 0.1278
2 0.9594 0.4944 0.0812 0.3556
2 0.9797 0.7778 0.0406 0.2556
2 0.5922 0.85 0.2031 0.2944
0 0.35 0.6361 0.2406 0.3667
2 0.7406 0.2139 0.2406 0.1889
0 0.4188 0.3556 0.0656 0.1389
1 0.8219 0.6389 0.0969 0.1722
2 0.8719 0.6361 0.2562 0.5722
2 0.1078 0.7667 0.1344 0.3111
0 0.275 0.3639 0.1438 0.2111
2 0.35 0.8667 0.1281 0.2611
0 0.1094 0.4778 0.0875 0.1444
3 0.5812 0.35 0.0625 0.1111
2 0.2766 0.2667 0.2719 0.5278
3 0.3578 0.7722 0.0688 0.1222
3 0.1938 0.1944 0.0969 0.1722
2 0.975 0.7889 0.05 0.4167
2 0.825 0.8028 0.3062 0.3889
0 0.0133 0.9083 0.0266 0.1556