1 0.3438 0.3417 0.0938 0.1667
1 0.1141 0.9139 0.0938 0.1667
3 0.75 0.2083 0.0625 0.1111
2 0.5781 0.6194 0.1938 0.2722
2 0.9969 0.6139 0.0062 0.2056
3 0.1141 0.3556 0.0875 0.1556
0 0.0484 0.0694 0.0969 0.0889
2 0.6531 0.7722 0.0781 0.1667
2 0.8906 0.6139 0.1344 0.2889
1 0.0477 0.6083 0.0953 0.2222
1 0.3438 0.2056 0.0875 0.1556
1 0.1969 0.4806 0.1031 0.1833
1 0.7344 0.75 0.1344 0.2389
1 0.5 0.3639 0.1312 0.2333
2 0.0539 0.2472 0.1078 0.4889
0 0.2625 0.625 0.0938 0.1778
1 0.9633 0.3639 0.0734 0.1611
3 0.2625 0.3417 0.0812 0.1444