1 0.7516 0.1972 0.1312 0.2333
0 0.8406 0.2 0.225 0.3944
3 0.4406 0.4722 0.0719 0.1278
2 0.7672 0.85 0.2031 0.2944
0 0.525 0.6361 0.2406 0.3667
2 0.8977 0.2139 0.2047 0.1889
0 0.5938 0.3556 0.0656 0.1389
1 0.9742 0.6389 0.0516 0.1722
2 0.9594 0.6361 0.0812 0.5722
0 0.0672 0.1528 0.1344 0.3
2 0.2828 0.7667 0.1344 0.3111
0 0.45 0.3639 0.1438 0.2111
2 0.525 0.8667 0.1281 0.2611
0 0.2844 0.4778 0.0875 0.1444
3 0.7562 0.35 0.0625 0.1111
2 0.4516 0.2667 0.2719 0.5278
3 0.5328 0.7722 0.0688 0.1222
3 0.3688 0.1944 0.0969 0.1722
3 0.1297 0.0833 0.0906 0.1611
2 0.0266 0.3361 0.0531 0.4444
2 0.9234 0.8028 0.1531 0.3889
0 0.1328 0.9083 0.1375 0.1556
0 0.007 0.6361 0.0141 0.2167