1 0.0555 0.7722 0.1109 0.2111
2 0.8789 0.4972 0.2422 0.3778
2 0.8312 0.8806 0.1062 0.2333
2 0.8953 0.35 0.2094 0.4778
3 0.2875 0.9056 0.0938 0.1667
1 0.4375 0.8861 0.0969 0.1722
1 0.018 0.1028 0.0359 0.2
2 0.2891 0.4806 0.2031 0.4833
2 0.2859 0.1111 0.2406 0.2167
2 0.2109 0.6167 0.1719 0.2278
2 0.8359 0.3694 0.175 0.7333
1 0.2938 0.1972 0.1375 0.2444
1 0.5109 0.8889 0.1188 0.2111
0 0.5203 0.3444 0.0531 0.1444
2 0.0633 0.7167 0.1266 0.5611
2 0.0664 0.2139 0.1328 0.3111
0 0.4375 0.775 0.1906 0.3389
2 0.6812 0.4917 0.1188 0.4111
2 0.9109 0.6417 0.1281 0.3389
0 0.8312 0.7556 0.1312 0.1444