0 0.9812 0.5028 0.0375 0.1444
1 0.1422 0.3333 0.1406 0.25
0 0.9102 0.3528 0.1797 0.3667
0 0.0445 0.8861 0.0891 0.2222
2 0.2172 0.7722 0.0875 0.2444
2 0.0492 0.4778 0.0984 0.2556
2 0.4516 0.5028 0.2281 0.2333
2 0.0625 0.7694 0.1094 0.2278
1 0.0148 0.0833 0.0297 0.1611
1 0.9375 0.2056 0.1219 0.2167
0 0.0719 0.2056 0.1438 0.2722
0 0.9781 0.9056 0.0438 0.1333
1 0.8484 0.7611 0.1125 0.2
2 0.6156 0.3444 0.1531 0.3722
0 0.6234 0.4778 0.1594 0.2944
1 0.2172 0.2139 0.1469 0.2611
2 0.2266 0.1417 0.1969 0.2778
1 0.8578 0.8944 0.1156 0.2056
0 0.3016 0.3389 0.1719 0.1889