3 0.7125 0.225 0.075 0.1333
0 0.4812 0.2083 0.2906 0.2222
1 0.9938 0.3528 0.0125 0.1722
2 0.2469 0.8444 0.1219 0.3056
1 0.3359 0.3333 0.1375 0.2444
3 0.3312 0.9194 0.0875 0.1556
1 0.043 0.6222 0.0859 0.2611
1 0.4141 0.4972 0.1438 0.2556
3 0.3219 0.2194 0.0906 0.1611
1 0.2547 0.4889 0.1219 0.2167
2 0.4156 0.1667 0.1406 0.3278
1 0.0906 0.9083 0.0969 0.1722
3 0.4875 0.35 0.0688 0.1222
3 0.1797 0.6111 0.075 0.1333
3 0.3219 0.4861 0.0594 0.1056
0 0.0953 0.1139 0.0906 0.2222
2 0.9656 0.5028 0.0688 0.2111
2 0.5719 0.4861 0.1875 0.5222