0 0.6641 0.7528 0.1125 0.2833
3 0.5109 0.2167 0.0906 0.1611
0 0.5109 0.7472 0.0781 0.2
2 0.9258 0.7806 0.1484 0.2667
3 0.8141 0.4861 0.0719 0.1278
1 0.0562 0.875 0.1125 0.2444
0 0.8234 0.7806 0.1156 0.2056
1 0.2641 0.3444 0.1469 0.2611
1 0.0406 0.0833 0.0812 0.1611
1 0.1109 0.3528 0.1125 0.2
1 0.0148 0.7722 0.0297 0.2444
0 0.4312 0.8944 0.0875 0.1556
3 0.7281 0.4972 0.0844 0.15
3 0.0297 0.6167 0.0594 0.1167
2 0.5797 0.75 0.1906 0.3
0 0.4312 0.3472 0.2594 0.1889
3 0.3469 0.6194 0.0625 0.1111
3 0.9688 0.3556 0.0625 0.1111