1 0.9312 0.1917 0.0875 0.1556
0 0.0188 0.5028 0.0375 0.1444
1 0.0828 0.5028 0.0938 0.1667
2 0.5391 0.2 0.2031 0.3333
1 0.9328 0.4806 0.1281 0.2278
0 0.0055 0.3528 0.0109 0.3667
2 0.775 0.275 0.2688 0.5444
3 0.8547 0.1972 0.0938 0.1667
1 0.4594 0.1111 0.1219 0.2167
0 0.0172 0.9056 0.0344 0.1333
0 0.2312 0.75 0.1281 0.2722
3 0.475 0.625 0.0594 0.1056
0 0.6188 0.9139 0.1344 0.1222
2 0.7812 0.8861 0.2312 0.15
1 0.7094 0.7778 0.1 0.1778
2 0.6984 0.2194 0.1469 0.2389
3 0.475 0.2 0.0625 0.1111
0 0.2328 0.4917 0.0875 0.1556
3 0.4781 0.9028 0.0875 0.1556
2 0.3812 0.6167 0.125 0.15