2 0.0328 0.5028 0.0656 0.2722
0 0.4 0.0917 0.0688 0.1778
3 0.9438 0.3417 0.0812 0.1444
0 0.0047 0.2167 0.0094 0.2889
1 0.4031 0.7556 0.1156 0.2056
3 0.6375 0.9167 0.0688 0.1222
3 0.0242 0.0778 0.0484 0.15
0 0.0773 0.3444 0.1547 0.2222
3 0.3234 0.3556 0.0656 0.1167
1 0.9867 0.1028 0.0266 0.2
0 0.2359 0.6417 0.0719 0.1333
2 0.3984 0.35 0.1219 0.2389
2 0.2422 0.1528 0.0906 0.3
1 0.6234 0.0917 0.1 0.1778
0 0.6281 0.2056 0.0625 0.2889
2 0.0844 0.7583 0.1688 0.3444
3 0.1547 0.9028 0.0844 0.15
1 0.4781 0.2028 0.1375 0.2444
2 0.9336 0.7167 0.1328 0.5611
1 0.7125 0.2167 0.0969 0.1722
1 0.9484 0.0889 0.0969 0.1722
3 0.2484 0.2111 0.0844 0.15
3 0.875 0.2 0.0844 0.15