1 0.8 0.1917 0.0875 0.1556
2 0.4078 0.2 0.2031 0.3333
3 0.9953 0.075 0.0094 0.1444
1 0.8016 0.4806 0.1281 0.2278
2 0.9773 0.625 0.0453 0.1889
3 0.9547 0.475 0.0688 0.1222
2 0.6438 0.275 0.2688 0.5444
3 0.7234 0.1972 0.0938 0.1667
1 0.3281 0.1111 0.1219 0.2167
0 0.1 0.75 0.1281 0.2722
3 0.3438 0.625 0.0594 0.1056
0 0.4875 0.9139 0.1344 0.1222
2 0.65 0.8861 0.2312 0.15
1 0.5781 0.7778 0.1 0.1778
2 0.5672 0.2194 0.1469 0.2389
3 0.3438 0.2 0.0625 0.1111
0 0.1016 0.4917 0.0875 0.1556
3 0.3469 0.9028 0.0875 0.1556
2 0.25 0.6167 0.125 0.15