1 0.8781 0.0861 0.0938 0.1667
3 0.2531 0.35 0.0594 0.1056
1 0.3391 0.4722 0.1438 0.2556
2 0.3344 0.7722 0.1469 0.3
0 0.4969 0.7611 0.1781 0.1
1 0.875 0.8722 0.1406 0.25
1 0.4234 0.9028 0.0969 0.1722
1 0.0031 0.1972 0.0062 0.2111
1 0.0023 0.9 0.0047 0.1778
1 0.9539 0.7722 0.0922 0.2111
1 0.3453 0.6167 0.1 0.1778
0 0.4125 0.5028 0.1844 0.3278
0 0.0617 0.4694 0.1234 0.3556
0 0.0625 0.1528 0.125 0.3
1 0.1812 0.9056 0.1031 0.1833
0 0.2547 0.1361 0.1625 0.2667
0 0.7266 0.1944 0.15 0.2556
1 0.6547 0.9 0.0906 0.1611