3 0.4094 0.7667 0.075 0.1333
3 0.8656 0.35 0.0594 0.1056
2 0.0484 0.6333 0.0969 0.3944
2 0.0711 0.1444 0.1422 0.2833
2 0.3953 0.3389 0.1344 0.4833
1 0.9398 0.4722 0.1203 0.2556
2 0.9367 0.7722 0.1266 0.3
0 0.032 0.7639 0.0641 0.1833
0 0.0281 0.2167 0.0562 0.4111
1 0.9938 0.9028 0.0125 0.1722
1 0.5594 0.1972 0.1188 0.2111
1 0.5672 0.9 0.1 0.1778
2 0.4 0.6083 0.1562 0.1944
1 0.9539 0.6167 0.0922 0.1778
0 0.9664 0.5028 0.0672 0.3278
0 0.6281 0.4694 0.2156 0.3556
1 0.2406 0.8722 0.1406 0.25
0 0.6312 0.1528 0.2125 0.3
1 0.0812 0.3528 0.1312 0.2333
1 0.0969 0.5028 0.1219 0.2167
1 0.7938 0.9056 0.1031 0.1833
0 0.4016 0.0889 0.075 0.1722
2 0.4859 0.1944 0.1 0.3833
0 0.8672 0.1361 0.1625 0.2667
2 0.3156 0.675 0.1688 0.6444
1 0.2562 0.6083 0.1469 0.2611