1 0.3875 0.3417 0.0938 0.1667
1 0.1578 0.9139 0.0938 0.1667
3 0.7938 0.2083 0.0625 0.1111
2 0.6219 0.6194 0.1938 0.2722
3 0.1578 0.3556 0.0875 0.1556
0 0.0828 0.0694 0.1156 0.0889
2 0.6969 0.7722 0.0781 0.1667
2 0.9336 0.6139 0.1328 0.2889
1 0.0766 0.6083 0.125 0.2222
1 0.3875 0.2056 0.0875 0.1556
1 0.2406 0.4806 0.1031 0.1833
1 0.7781 0.75 0.1344 0.2389
1 0.5438 0.3639 0.1312 0.2333
2 0.0859 0.2472 0.1312 0.4889
0 0.3062 0.625 0.0938 0.1778
1 0.9852 0.3639 0.0297 0.1611
3 0.3062 0.3417 0.0812 0.1444