1 0.1438 0.1917 0.0875 0.1556
0 0.6094 0.2056 0.15 0.25
3 0.375 0.075 0.0812 0.1444
3 0.7672 0.5028 0.0906 0.1611
1 0.1453 0.4806 0.1281 0.2278
2 0.3781 0.625 0.1594 0.1889
3 0.2984 0.475 0.0688 0.1222
2 0.0609 0.275 0.1219 0.5444
2 0.4703 0.3417 0.2031 0.2944
2 0.6266 0.3361 0.1406 0.4556
3 0.0672 0.1972 0.0938 0.1667
2 0.7734 0.2556 0.1594 0.5056
0 0.9188 0.1528 0.1625 0.3
1 0.4562 0.2056 0.1062 0.1889
0 0.5359 0.7667 0.2125 0.15
1 0.7016 0.1056 0.1156 0.2056
2 0.0547 0.8861 0.1094 0.15
3 0.9797 0.0833 0.0406 0.1611
3 0.6953 0.3306 0.0656 0.1167
2 0.8609 0.3361 0.1344 0.4444
0 0.9695 0.9083 0.0609 0.1556
0 0.8531 0.6361 0.0719 0.2167