0 0.7094 0.3667 0.3188 0.7278
2 0.3203 0.225 0.125 0.4444
2 0.1656 0.4972 0.2781 0.3278
2 0.9094 0.1694 0.1812 0.3333
2 0.0461 0.7333 0.0922 0.5278
2 0.5625 0.7667 0.1219 0.3889
0 0.4734 0.4694 0.25 0.3333
1 0.1672 0.7472 0.1375 0.2444
1 0.3922 0.2056 0.0875 0.1556
0 0.0227 0.4889 0.0453 0.1667
1 0.3984 0.3361 0.1312 0.2333
1 0.0312 0.6222 0.0625 0.1611
1 0.0922 0.0861 0.0938 0.1667
3 0.6391 0.2167 0.0812 0.1444
0 0.3188 0.6194 0.1406 0.1
0 0.1641 0.1361 0.075 0.2667
0 0.4781 0.1806 0.2 0.3556
0 0.0812 0.4861 0.1531 0.1389
3 0.7156 0.475 0.0688 0.1222
2 0.7953 0.2139 0.1438 0.2944
2 0.0375 0.3444 0.075 0.1778
0 0.0891 0.6361 0.0844 0.1611
1 0.3188 0.0889 0.0969 0.1722
2 0.3984 0.8861 0.125 0.2111