2 0.3656 0.6139 0.1531 0.2056
2 0.1359 0.4972 0.1156 0.2444
3 0.7578 0.7583 0.0812 0.1444
2 0.9992 0.7056 0.0016 0.5833
1 0.9625 0.8806 0.075 0.2333
3 0.0047 0.4694 0.0094 0.1167
0 0.5328 0.1806 0.1938 0.3556
3 0.0531 0.1917 0.0812 0.1444
0 0.6891 0.225 0.1688 0.3389
3 0.0086 0.3556 0.0172 0.15
3 0.9297 0.6361 0.0719 0.1278
1 0.8516 0.4694 0.125 0.2222
3 0.6922 0.0861 0.0938 0.1667
3 0.2281 0.3639 0.0781 0.1389
0 0.9516 0.7611 0.0969 0.1667
1 0.6797 0.3639 0.1062 0.1889
2 0.375 0.1 0.15 0.1944
1 0.9766 0.4806 0.0469 0.1889
0 0.7703 0.1528 0.1938 0.3
0 0.4562 0.2056 0.2438 0.1611
1 0.2109 0.1306 0.1438 0.2556
2 0.1422 0.3444 0.1312 0.2389