2 0.4094 0.6139 0.1531 0.2056
2 0.1797 0.4972 0.1156 0.2444
3 0.8016 0.7583 0.0812 0.1444
1 0.9844 0.8806 0.0312 0.2333
3 0.0266 0.4694 0.0531 0.1167
0 0.5766 0.1806 0.1938 0.3556
3 0.0969 0.1917 0.0812 0.1444
0 0.7328 0.225 0.1688 0.3389
3 0.0305 0.3556 0.0609 0.15
3 0.9688 0.6361 0.0625 0.1278
1 0.8953 0.4694 0.125 0.2222
3 0.7359 0.0861 0.0938 0.1667
3 0.2719 0.3639 0.0781 0.1389
0 0.9734 0.7611 0.0531 0.1667
1 0.7234 0.3639 0.1062 0.1889
2 0.4188 0.1 0.15 0.1944
1 0.9984 0.4806 0.0031 0.1889
0 0.8141 0.1528 0.1938 0.3
0 0.5 0.2056 0.2438 0.1611
1 0.2547 0.1306 0.1438 0.2556
2 0.1859 0.3444 0.1312 0.2389