0 0.5359 0.9056 0.1406 0.1833
0 0.3094 0.7722 0.1094 0.1944
1 0.9383 0.7611 0.1234 0.2333
2 0.1609 0.6167 0.1375 0.2167
2 0.9609 0.4972 0.0781 0.9889
2 0.7031 0.3639 0.1531 0.2722
1 0.9672 0.4917 0.0656 0.2611
1 0.3844 0.4917 0.1406 0.25
3 0.3141 0.6222 0.0781 0.1389
1 0.8516 0.3528 0.1062 0.1889
2 0.6281 0.1806 0.2688 0.3556
2 0.8625 0.6333 0.1156 0.2
3 0.15 0.7722 0.0969 0.1722
0 0.0539 0.7972 0.1078 0.4
2 0.3016 0.1 0.1156 0.1944
3 0.4672 0.6389 0.0812 0.1444
3 0.2359 0.3639 0.075 0.1333
2 0.3891 0.2972 0.2625 0.5889