3 0.3656 0.7667 0.075 0.1333
3 0.8219 0.35 0.0594 0.1056
2 0.0266 0.6333 0.0531 0.3944
2 0.0492 0.1444 0.0984 0.2833
2 0.3516 0.3389 0.1344 0.4833
1 0.9078 0.4722 0.1438 0.2556
2 0.9031 0.7722 0.1469 0.3
0 0.9883 0.7611 0.0234 0.1
0 0.0102 0.7639 0.0203 0.1833
0 0.0062 0.2167 0.0125 0.4111
1 0.9719 0.9028 0.0562 0.1722
1 0.5156 0.1972 0.1188 0.2111
1 0.5234 0.9 0.1 0.1778
2 0.3562 0.6083 0.1562 0.1944
1 0.9141 0.6167 0.1 0.1778
0 0.9445 0.5028 0.1109 0.3278
0 0.5844 0.4694 0.2156 0.3556
1 0.1969 0.8722 0.1406 0.25
0 0.5875 0.1528 0.2125 0.3
1 0.0516 0.3528 0.1031 0.2333
1 0.057 0.5028 0.1141 0.2167
1 0.75 0.9056 0.1031 0.1833
0 0.3578 0.0889 0.075 0.1722
2 0.4422 0.1944 0.1 0.3833
0 0.8234 0.1361 0.1625 0.2667
2 0.2719 0.675 0.1688 0.6444
1 0.2125 0.6083 0.1469 0.2611