1 0.0281 0.1917 0.0562 0.1556
0 0.4781 0.2056 0.15 0.25
3 0.2438 0.075 0.0812 0.1444
3 0.6359 0.5028 0.0906 0.1611
1 0.0391 0.4806 0.0781 0.2278
2 0.2469 0.625 0.1594 0.1889
3 0.1672 0.475 0.0688 0.1222
2 0.3391 0.3417 0.2031 0.2944
2 0.4953 0.3361 0.1406 0.4556
2 0.6422 0.2556 0.1594 0.5056
0 0.7922 0.1528 0.1719 0.3
2 0.9797 0.7667 0.0406 0.3111
1 0.325 0.2056 0.1062 0.1889
0 0.4047 0.7667 0.2125 0.15
1 0.5703 0.1056 0.1156 0.2056
0 0.9922 0.4778 0.0156 0.1444
3 0.8734 0.0833 0.0906 0.1611
3 0.5641 0.3306 0.0656 0.1167
2 0.7297 0.3361 0.1344 0.4444
0 0.8766 0.9083 0.1375 0.1556
0 0.7219 0.6361 0.0719 0.2167