1 0.4016 0.7722 0.1188 0.2111
3 0.2438 0.3417 0.0812 0.1444
3 0.6375 0.9056 0.0938 0.1667
1 0.7875 0.8861 0.0969 0.1722
1 0.3297 0.1028 0.1125 0.2
2 0.6391 0.4806 0.2031 0.4833
2 0.6359 0.1111 0.2406 0.2167
2 0.5609 0.6167 0.1719 0.2278
1 0.6438 0.1972 0.1375 0.2444
1 0.8609 0.8889 0.1188 0.2111
0 0.8703 0.3444 0.0531 0.1444
2 0.3219 0.7167 0.3094 0.5611
1 0.0305 0.2167 0.0609 0.1722
1 0.2484 0.0889 0.0969 0.1722
2 0.3938 0.2139 0.1781 0.3111
3 0.175 0.2 0.0844 0.15
0 0.7875 0.775 0.1906 0.3389
2 0.9859 0.4917 0.0281 0.4111