1 0.9875 0.1917 0.025 0.1556
0 0.0844 0.5028 0.0812 0.1444
1 0.1703 0.5028 0.0938 0.1667
2 0.6266 0.2 0.2031 0.3333
1 0.9781 0.4806 0.0438 0.2278
0 0.0492 0.3528 0.0984 0.3667
2 0.8625 0.275 0.2688 0.5444
3 0.9422 0.1972 0.0938 0.1667
1 0.5469 0.1111 0.1219 0.2167
1 0.0398 0.2056 0.0797 0.2167
0 0.0797 0.9056 0.0844 0.1333
0 0.3188 0.75 0.1281 0.2722
3 0.5625 0.625 0.0594 0.1056
0 0.7062 0.9139 0.1344 0.1222
2 0.8688 0.8861 0.2312 0.15
1 0.7969 0.7778 0.1 0.1778
2 0.7859 0.2194 0.1469 0.2389
3 0.5625 0.2 0.0625 0.1111
0 0.3203 0.4917 0.0875 0.1556
3 0.5656 0.9028 0.0875 0.1556
2 0.4688 0.6167 0.125 0.15