1 0.2234 0.7556 0.1469 0.2611
0 0.775 0.5 0.1688 0.2444
1 0.7609 0.3583 0.1094 0.1944
3 0.0688 0.3389 0.0906 0.1611
2 0.95 0.8 0.1 0.3944
1 0.4438 0.8861 0.125 0.2222
2 0.9367 0.6139 0.1266 0.2778
2 0.5312 0.2028 0.1719 0.4
1 0.0273 0.1306 0.0547 0.2556
0 0.0906 0.2361 0.1812 0.4667
0 0.6797 0.3333 0.1562 0.15
3 0.0141 0.7667 0.0281 0.1556
2 0.2156 0.4694 0.1125 0.4
1 0.5281 0.8889 0.1219 0.2167
3 0.3062 0.0861 0.0594 0.1056
0 0.8359 0.1389 0.0938 0.2722
1 0.1406 0.75 0.0938 0.1667
2 0.6078 0.5028 0.1469 0.25
1 0.2266 0.2028 0.1094 0.1944
2 0.1484 0.8417 0.2469 0.3111
0 0.0125 0.9 0.025 0.1611
3 0.6844 0.9167 0.0594 0.1056