3 0.3219 0.7667 0.075 0.1333
3 0.7781 0.35 0.0594 0.1056
2 0.0047 0.6333 0.0094 0.3944
2 0.0273 0.1444 0.0547 0.2833
2 0.3078 0.3389 0.1344 0.4833
1 0.8641 0.4722 0.1438 0.2556
2 0.8594 0.7722 0.1469 0.3
0 0.9664 0.7611 0.0672 0.1
1 0.9484 0.9028 0.0969 0.1722
1 0.4719 0.1972 0.1188 0.2111
1 0.4797 0.9 0.1 0.1778
2 0.3125 0.6083 0.1562 0.1944
1 0.8703 0.6167 0.1 0.1778
0 0.9227 0.5028 0.1547 0.3278
0 0.5406 0.4694 0.2156 0.3556
1 0.1531 0.8722 0.1406 0.25
0 0.5438 0.1528 0.2125 0.3
1 0.0297 0.3528 0.0594 0.2333
1 0.0352 0.5028 0.0703 0.2167
1 0.7062 0.9056 0.1031 0.1833
0 0.3141 0.0889 0.075 0.1722
2 0.3984 0.1944 0.1 0.3833
0 0.7797 0.1361 0.1625 0.2667
2 0.2281 0.675 0.1688 0.6444
1 0.1688 0.6083 0.1469 0.2611