3 0.0266 0.7667 0.0531 0.1333
3 0.4719 0.35 0.0594 0.1056
2 0.0344 0.3389 0.0688 0.4833
1 0.5578 0.4722 0.1438 0.2556
2 0.5531 0.7722 0.1469 0.3
0 0.7156 0.7611 0.1781 0.1
1 0.6422 0.9028 0.0969 0.1722
1 0.1656 0.1972 0.1188 0.2111
1 0.1734 0.9 0.1 0.1778
2 0.0422 0.6083 0.0844 0.1944
1 0.5641 0.6167 0.1 0.1778
0 0.6312 0.5028 0.1844 0.3278
0 0.2344 0.4694 0.2156 0.3556
0 0.2375 0.1528 0.2125 0.3
1 0.4 0.9056 0.1031 0.1833
0 0.0227 0.0889 0.0453 0.1722
2 0.0922 0.1944 0.1 0.3833
0 0.4734 0.1361 0.1625 0.2667
0 0.9352 0.1944 0.1297 0.2556
1 0.8734 0.9 0.0906 0.1611
2 0.0031 0.675 0.0062 0.6444