1 0.9125 0.3417 0.0938 0.1667
3 0.0547 0.3583 0.0938 0.1667
1 0.6828 0.9139 0.0938 0.1667
3 0.2922 0.3472 0.0688 0.1222
0 0.2219 0.8222 0.1875 0.35
3 0.1297 0.6111 0.0906 0.1611
2 0.1328 0.2444 0.2562 0.4833
3 0.6828 0.3556 0.0875 0.1556
0 0.6078 0.0694 0.1156 0.0889
1 0.6016 0.6083 0.125 0.2222
1 0.9125 0.2056 0.0875 0.1556
3 0.1469 0.7667 0.0844 0.15
1 0.7656 0.4806 0.1031 0.1833
2 0.0367 0.7611 0.0734 0.4722
2 0.6109 0.2472 0.1312 0.4889
0 0.8312 0.625 0.0938 0.1778
3 0.8312 0.3417 0.0812 0.1444
0 0.3703 0.2083 0.0812 0.0667