1 0.7531 0.8972 0.1125 0.2
1 0.6016 0.0917 0.1 0.1778
1 0.275 0.1028 0.1125 0.2
2 0.2141 0.2222 0.2031 0.4389
3 0.9156 0.7722 0.0719 0.1278
2 0.4312 0.5028 0.2188 0.2667
0 0.0086 0.3417 0.0172 0.15
3 0.3625 0.8917 0.075 0.1333
0 0.2016 0.8417 0.1375 0.3111
2 0.1406 0.4722 0.2812 0.2889
0 0.3625 0.2111 0.1531 0.15
2 0.9398 0.775 0.1203 0.3222
0 0.993 0.6139 0.0141 0.1778
0 0.2047 0.7556 0.125 0.2333
2 0.4344 0.6167 0.1938 0.3333
3 0.9156 0.1944 0.0938 0.1667
0 0.1219 0.3444 0.1312 0.2222
0 0.0547 0.1278 0.1094 0.25
3 0.2812 0.7694 0.0938 0.1667
2 0.2781 0.8389 0.1281 0.3167
0 0.1234 0.1583 0.1656 0.3111