2 0.5984 0.4972 0.2938 0.3778
2 0.8406 0.2 0.1656 0.2389
0 0.9758 0.2139 0.0484 0.2278
2 0.525 0.8806 0.1062 0.2333
2 0.6094 0.35 0.25 0.4778
3 0.0141 0.9056 0.0281 0.1667
1 0.1312 0.8861 0.0969 0.1722
2 0.0422 0.4806 0.0844 0.4833
2 0.05 0.1111 0.1 0.2167
2 0.8438 0.8056 0.1375 0.3833
2 0.5297 0.3694 0.175 0.7333
1 0.0281 0.1972 0.0562 0.2444
1 0.9156 0.35 0.1281 0.2278
1 0.2047 0.8889 0.1188 0.2111
0 0.2141 0.3444 0.0531 0.1444
0 0.1312 0.775 0.1906 0.3389
2 0.375 0.4917 0.1188 0.4111
0 0.8312 0.4806 0.1594 0.2722
2 0.6047 0.6417 0.1281 0.3389
0 0.525 0.7556 0.1312 0.1444