1 0.2734 0.3333 0.1406 0.25
0 0.9758 0.3528 0.0484 0.3667
0 0.125 0.8861 0.1906 0.2222
2 0.3484 0.7722 0.0875 0.2444
2 0.1297 0.4778 0.2 0.2556
2 0.5828 0.5028 0.2281 0.2333
2 0.1938 0.7694 0.1094 0.2278
1 0.1156 0.0833 0.0906 0.1611
2 0.0375 0.3306 0.075 0.1611
0 0.1969 0.2056 0.1562 0.2722
0 0.0414 0.7722 0.0828 0.2944
1 0.9617 0.7611 0.0766 0.2
1 0.0102 0.1028 0.0203 0.2
2 0.7469 0.3444 0.1531 0.3722
0 0.7547 0.4778 0.1594 0.2944
1 0.3484 0.2139 0.1469 0.2611
2 0.3578 0.1417 0.1969 0.2778
0 0.0523 0.6417 0.1047 0.2444
1 0.9656 0.8944 0.0688 0.2056
0 0.4328 0.3389 0.1719 0.1889