2 0.9508 0.6139 0.0984 0.2056
2 0.7484 0.4972 0.1156 0.2444
3 0.0484 0.2083 0.075 0.1333
1 0.0125 0.6167 0.025 0.1778
3 0.5891 0.4694 0.0656 0.1167
0 0.0562 0.9028 0.0344 0.1889
0 0.0148 0.8861 0.0297 0.2222
3 0.6656 0.1917 0.0812 0.1444
2 0.2109 0.4833 0.1281 0.4056
3 0.5875 0.3556 0.0844 0.15
3 0.2031 0.2111 0.0781 0.1389
3 0.8406 0.3639 0.0781 0.1389
1 0.2078 0.6167 0.1406 0.25
2 0.9562 0.1 0.0875 0.1944
0 0.2891 0.8806 0.1375 0.2333
0 0.9734 0.2056 0.0531 0.1611
1 0.8234 0.1306 0.1438 0.2556
2 0.7547 0.3444 0.1312 0.2389
3 0.0477 0.0889 0.0953 0.1722