1 0.6641 0.1972 0.1312 0.2333
0 0.7531 0.2 0.225 0.3944
3 0.3531 0.4722 0.0719 0.1278
2 0.6797 0.85 0.2031 0.2944
0 0.4375 0.6361 0.2406 0.3667
2 0.8281 0.2139 0.2406 0.1889
0 0.5062 0.3556 0.0656 0.1389
1 0.9094 0.6389 0.0969 0.1722
2 0.9156 0.6361 0.1688 0.5722
0 0.0234 0.1528 0.0469 0.3
2 0.1953 0.7667 0.1344 0.3111
0 0.3625 0.3639 0.1438 0.2111
2 0.4375 0.8667 0.1281 0.2611
0 0.1969 0.4778 0.0875 0.1444
3 0.6688 0.35 0.0625 0.1111
2 0.3641 0.2667 0.2719 0.5278
3 0.4453 0.7722 0.0688 0.1222
3 0.2812 0.1944 0.0969 0.1722
3 0.0438 0.0833 0.0875 0.1611
2 0.8797 0.8028 0.2406 0.3889
0 0.057 0.9083 0.1141 0.1556