3 0.6719 0.7667 0.075 0.1333
2 0.0305 0.4778 0.0609 0.4444
2 0.2797 0.6333 0.1594 0.3944
2 0.2828 0.1444 0.2438 0.2833
2 0.1094 0.775 0.1156 0.2222
3 0.0406 0.0889 0.0812 0.1722
2 0.6578 0.3389 0.1344 0.4833
2 0.0406 0.35 0.0812 0.6944
0 0.2719 0.7639 0.1094 0.1833
0 0.2031 0.2167 0.2312 0.4111
1 0.0547 0.7583 0.1094 0.2611
1 0.8219 0.1972 0.1188 0.2111
1 0.8297 0.9 0.1 0.1778
2 0.6625 0.6083 0.1562 0.1944
0 0.8906 0.4694 0.2156 0.3556
1 0.5031 0.8722 0.1406 0.25
0 0.8938 0.1528 0.2125 0.3
1 0.3438 0.3528 0.1312 0.2333
1 0.3594 0.5028 0.1219 0.2167
0 0.6641 0.0889 0.075 0.1722
2 0.7484 0.1944 0.1 0.3833
2 0.5781 0.675 0.1688 0.6444
1 0.5188 0.6083 0.1469 0.2611