1 0.7703 0.8722 0.1406 0.25
2 0.0664 0.4972 0.1328 0.3778
2 0.2281 0.2 0.1656 0.2389
0 0.3828 0.2139 0.0875 0.2278
2 0.9109 0.3556 0.1781 0.2111
0 0.6219 0.5028 0.0688 0.3222
2 0.0609 0.35 0.1219 0.4778
2 0.2312 0.8056 0.1375 0.3833
2 0.9648 0.3528 0.0703 0.2444
2 0.0023 0.3694 0.0047 0.7333
3 0.7766 0.3639 0.0719 0.1278
3 0.7734 0.225 0.0688 0.1222
0 0.4531 0.0861 0.1031 0.1611
1 0.3031 0.35 0.1281 0.2278
3 0.8422 0.0833 0.0875 0.1556
1 0.9328 0.7667 0.0969 0.1722
0 0.2188 0.4806 0.1594 0.2722
2 0.0281 0.6417 0.0562 0.3389