1 0.6547 0.1167 0.1281 0.2278
1 0.9477 0.3639 0.1047 0.2333
2 0.2625 0.4722 0.1125 0.3944
1 0.1094 0.3528 0.1031 0.1833
0 0.2688 0.1917 0.1312 0.1056
2 0.7266 0.5 0.0938 0.3111
3 0.7234 0.7556 0.0969 0.1722
0 0.9484 0.7639 0.1031 0.2389
2 0.5844 0.4694 0.2219 0.5889
0 0.4891 0.8889 0.1438 0.2167
2 0.907 0.4944 0.1859 0.3889
2 0.975 0.1861 0.05 0.3667
1 0.8875 0.1306 0.1438 0.2556
0 0.9914 0.3611 0.0172 0.2167
3 0.2672 0.8889 0.0938 0.1667
2 0.0984 0.1833 0.1875 0.3611
2 0.2688 0.3333 0.2094 0.3889