0 0.9594 0.5028 0.0812 0.1444
1 0.0984 0.3333 0.1406 0.25
1 0.9992 0.5028 0.0016 0.1667
0 0.875 0.3528 0.1969 0.3667
0 0.0227 0.8861 0.0453 0.2222
2 0.1734 0.7722 0.0875 0.2444
2 0.0273 0.4778 0.0547 0.2556
2 0.4078 0.5028 0.2281 0.2333
2 0.0367 0.7694 0.0734 0.2278
1 0.8938 0.2056 0.1219 0.2167
0 0.05 0.2056 0.1 0.2722
0 0.9547 0.9056 0.0844 0.1333
1 0.8047 0.7611 0.1125 0.2
2 0.5719 0.3444 0.1531 0.3722
0 0.5797 0.4778 0.1594 0.2944
1 0.1734 0.2139 0.1469 0.2611
2 0.1828 0.1417 0.1969 0.2778
1 0.8141 0.8944 0.1156 0.2056
0 0.2578 0.3389 0.1719 0.1889