2 0.5375 0.5028 0.1062 0.2722
0 0.925 0.0917 0.0688 0.1778
0 0.4531 0.2167 0.1625 0.2889
1 0.9281 0.7556 0.1156 0.2056
3 0.2141 0.6417 0.075 0.1333
2 0.2266 0.1972 0.1656 0.3889
3 0.2875 0.4889 0.0656 0.1167
3 0.1391 0.3389 0.0594 0.1056
0 0.4484 0.4694 0.075 0.1333
3 0.5312 0.0778 0.0844 0.15
0 0.5344 0.3444 0.2906 0.2222
3 0.8484 0.3556 0.0656 0.1167
2 0.1453 0.35 0.2906 0.4389
0 0.7609 0.6417 0.0719 0.1333
2 0.9234 0.35 0.1219 0.2389
2 0.7672 0.1528 0.0906 0.3
2 0.6062 0.7583 0.175 0.3444
2 0.1344 0.2222 0.2688 0.2444
3 0.6797 0.9028 0.0844 0.15
1 0.9672 0.2028 0.0656 0.2444
3 0.7734 0.2111 0.0844 0.15