1 0.7125 0.1917 0.0875 0.1556
2 0.3203 0.2 0.2031 0.3333
3 0.9438 0.075 0.0812 0.1444
1 0.7141 0.4806 0.1281 0.2278
2 0.9336 0.625 0.1328 0.1889
3 0.8672 0.475 0.0688 0.1222
2 0.5562 0.275 0.2688 0.5444
2 0.9688 0.3417 0.0625 0.2944
3 0.6359 0.1972 0.0938 0.1667
1 0.2406 0.1111 0.1219 0.2167
1 0.9859 0.2056 0.0281 0.1889
0 0.9992 0.7667 0.0016 0.15
0 0.0383 0.75 0.0766 0.2722
3 0.2562 0.625 0.0594 0.1056
0 0.4 0.9139 0.1344 0.1222
2 0.5625 0.8861 0.2312 0.15
1 0.4906 0.7778 0.1 0.1778
2 0.4797 0.2194 0.1469 0.2389
3 0.2562 0.2 0.0625 0.1111
0 0.0289 0.4917 0.0578 0.1556
3 0.2594 0.9028 0.0875 0.1556
2 0.1625 0.6167 0.125 0.15