2 0.3625 0.5028 0.1062 0.2722
0 0.75 0.0917 0.0688 0.1778
0 0.2781 0.2167 0.1625 0.2889
1 0.7531 0.7556 0.1156 0.2056
3 0.9766 0.9167 0.0469 0.1222
3 0.0391 0.6417 0.075 0.1333
2 0.0672 0.1972 0.1344 0.3889
3 0.1125 0.4889 0.0656 0.1167
0 0.2734 0.4694 0.075 0.1333
3 0.3562 0.0778 0.0844 0.15
0 0.3594 0.3444 0.2906 0.2222
3 0.6734 0.3556 0.0656 0.1167
2 0.0578 0.35 0.1156 0.4389
0 0.5859 0.6417 0.0719 0.1333
2 0.7484 0.35 0.1219 0.2389
2 0.5922 0.1528 0.0906 0.3
1 0.9617 0.0917 0.0766 0.1778
0 0.9734 0.2056 0.0531 0.2889
2 0.4312 0.7583 0.175 0.3444
2 0.0469 0.2222 0.0938 0.2444
3 0.5047 0.9028 0.0844 0.15
1 0.8281 0.2028 0.1375 0.2444
3 0.5984 0.2111 0.0844 0.15