1 0.9219 0.0861 0.0938 0.1667
3 0.2969 0.35 0.0594 0.1056
1 0.3828 0.4722 0.1438 0.2556
2 0.3781 0.7722 0.1469 0.3
0 0.5406 0.7611 0.1781 0.1
1 0.9188 0.8722 0.1406 0.25
1 0.4672 0.9028 0.0969 0.1722
1 0.025 0.1972 0.05 0.2111
1 0.0242 0.9 0.0484 0.1778
1 0.9758 0.7722 0.0484 0.2111
1 0.3891 0.6167 0.1 0.1778
0 0.4562 0.5028 0.1844 0.3278
0 0.0836 0.4694 0.1672 0.3556
0 0.0844 0.1528 0.1688 0.3
1 0.225 0.9056 0.1031 0.1833
0 0.2984 0.1361 0.1625 0.2667
0 0.7703 0.1944 0.15 0.2556
1 0.6984 0.9 0.0906 0.1611