1 0.0586 0.1972 0.1172 0.2333
0 0.1406 0.2 0.225 0.3944
2 0.5297 0.4944 0.2719 0.3556
1 0.6078 0.8861 0.0875 0.1556
2 0.5203 0.7778 0.1719 0.2556
0 0.6 0.7722 0.1531 0.2444
2 0.0844 0.85 0.1688 0.2944
3 0.6016 0.0861 0.0938 0.1667
2 0.9648 0.8444 0.0703 0.3056
2 0.2156 0.2139 0.2406 0.1889
1 0.7562 0.6222 0.1469 0.2611
1 0.6781 0.3361 0.1156 0.2056
1 0.2969 0.6389 0.0969 0.1722
2 0.3641 0.6361 0.2906 0.5722
0 0.6828 0.7472 0.1125 0.1778
1 0.9688 0.4889 0.0625 0.2167
3 0.0562 0.35 0.0625 0.1111
1 0.8344 0.9083 0.0969 0.1722
3 0.525 0.625 0.0969 0.1722
3 0.9234 0.6111 0.075 0.1333
2 0.5234 0.7889 0.1969 0.4167
2 0.3 0.8028 0.3062 0.3889
1 0.6766 0.2111 0.1125 0.2
0 0.8391 0.1139 0.0906 0.2222