3 0.8875 0.225 0.075 0.1333
2 0.0484 0.4944 0.0969 0.3556
1 0.0414 0.8861 0.0828 0.1556
2 0.0188 0.7778 0.0375 0.2556
0 0.0539 0.7722 0.1078 0.2444
0 0.6562 0.2083 0.2906 0.2222
3 0.0398 0.0861 0.0797 0.1667
2 0.4219 0.8444 0.1219 0.3056
1 0.5109 0.3333 0.1375 0.2444
3 0.5062 0.9194 0.0875 0.1556
1 0.1875 0.6222 0.1469 0.2611
1 0.5891 0.4972 0.1438 0.2556
3 0.4969 0.2194 0.0906 0.1611
1 0.1094 0.3361 0.1156 0.2056
0 0.1141 0.7472 0.1125 0.1778
1 0.4297 0.4889 0.1219 0.2167
2 0.5906 0.1667 0.1406 0.3278
1 0.2656 0.9083 0.0969 0.1722
3 0.6625 0.35 0.0688 0.1222
3 0.0023 0.625 0.0047 0.1722
3 0.3547 0.6111 0.075 0.1333
3 0.4969 0.4861 0.0594 0.1056
2 0.0266 0.7889 0.0531 0.4167
1 0.1078 0.2111 0.1125 0.2
0 0.2703 0.1139 0.0906 0.2222
2 0.7469 0.4861 0.1875 0.5222