2 0.45 0.5028 0.1062 0.2722
0 0.8375 0.0917 0.0688 0.1778
0 0.3656 0.2167 0.1625 0.2889
1 0.8406 0.7556 0.1156 0.2056
3 0.1266 0.6417 0.075 0.1333
2 0.1391 0.1972 0.1656 0.3889
3 0.2 0.4889 0.0656 0.1167
3 0.0516 0.3389 0.0594 0.1056
0 0.3609 0.4694 0.075 0.1333
3 0.4438 0.0778 0.0844 0.15
0 0.4469 0.3444 0.2906 0.2222
3 0.7609 0.3556 0.0656 0.1167
2 0.1016 0.35 0.2031 0.4389
0 0.6734 0.6417 0.0719 0.1333
2 0.8359 0.35 0.1219 0.2389
2 0.6797 0.1528 0.0906 0.3
2 0.5188 0.7583 0.175 0.3444
2 0.0906 0.2222 0.1812 0.2444
3 0.5922 0.9028 0.0844 0.15
1 0.9156 0.2028 0.1375 0.2444
3 0.6859 0.2111 0.0844 0.15