2 0.7734 0.4972 0.2938 0.3778
2 0.9664 0.2 0.0672 0.2389
2 0.7 0.8806 0.1062 0.2333
2 0.7844 0.35 0.25 0.4778
3 0.1562 0.9056 0.0938 0.1667
1 0.3062 0.8861 0.0969 0.1722
2 0.1578 0.4806 0.2031 0.4833
2 0.1547 0.1111 0.2406 0.2167
2 0.0828 0.6167 0.1656 0.2278
2 0.975 0.8056 0.05 0.3833
2 0.7047 0.3694 0.175 0.7333
1 0.1625 0.1972 0.1375 0.2444
1 0.3797 0.8889 0.1188 0.2111
0 0.3891 0.3444 0.0531 0.1444
2 0.0008 0.2139 0.0016 0.3111
0 0.3062 0.775 0.1906 0.3389
2 0.55 0.4917 0.1188 0.4111
0 0.9633 0.4806 0.0734 0.2722
2 0.7797 0.6417 0.1281 0.3389
0 0.7 0.7556 0.1312 0.1444