1 0.6938 0.3417 0.0938 0.1667
1 0.4641 0.9139 0.0938 0.1667
3 0.0734 0.3472 0.0688 0.1222
0 0.0484 0.8222 0.0969 0.35
2 0.9156 0.6194 0.1688 0.2722
2 0.0211 0.2444 0.0422 0.4833
3 0.4641 0.3556 0.0875 0.1556
0 0.3891 0.0694 0.1156 0.0889
2 0.982 0.7722 0.0359 0.1667
1 0.3828 0.6083 0.125 0.2222
1 0.6938 0.2056 0.0875 0.1556
1 0.5469 0.4806 0.1031 0.1833
1 0.85 0.3639 0.1312 0.2333
2 0.3922 0.2472 0.1312 0.4889
0 0.6125 0.625 0.0938 0.1778
3 0.6125 0.3417 0.0812 0.1444
0 0.1516 0.2083 0.0812 0.0667