2 0.9945 0.6139 0.0109 0.2056
2 0.8359 0.4972 0.1156 0.2444
3 0.1359 0.2083 0.075 0.1333
1 0.0625 0.6167 0.1 0.1778
3 0.6766 0.4694 0.0656 0.1167
0 0.1438 0.9028 0.0344 0.1889
0 0.0586 0.8861 0.1172 0.2222
3 0.7531 0.1917 0.0812 0.1444
2 0.2984 0.4833 0.1281 0.4056
3 0.675 0.3556 0.0844 0.15
3 0.2906 0.2111 0.0781 0.1389
3 0.9281 0.3639 0.0781 0.1389
1 0.2953 0.6167 0.1406 0.25
0 0.3766 0.8806 0.1375 0.2333
1 0.9109 0.1306 0.1438 0.2556
2 0.8422 0.3444 0.1312 0.2389
3 0.1344 0.0889 0.0969 0.1722