0 0.4625 0.2111 0.1844 0.3444
2 0.8633 0.2 0.2734 0.3
3 0.3188 0.7667 0.0812 0.1444
0 0.9336 0.2139 0.1328 0.1889
0 0.2344 0.3611 0.0906 0.1556
2 0.9367 0.25 0.1266 0.4944
1 0.5453 0.1972 0.1188 0.2111
0 0.0766 0.2 0.1531 0.1167
1 0.9391 0.6139 0.1188 0.2111
3 0.9391 0.3444 0.0781 0.1389
1 0.5516 0.4944 0.1312 0.2333
0 0.2297 0.6139 0.1312 0.2389
1 0.9914 0.7722 0.0172 0.2611
1 0.7844 0.9111 0.0969 0.1722
1 0.7719 0.6417 0.0938 0.1667
0 0.3984 0.2111 0.2438 0.4167
1 0.982 0.1972 0.0359 0.1944
3 0.5516 0.0778 0.0844 0.15
0 0.0867 0.7528 0.1734 0.3056