2 0.5812 0.5028 0.1062 0.2722
0 0.9672 0.0917 0.0656 0.1778
0 0.4969 0.2167 0.1625 0.2889
1 0.957 0.7556 0.0859 0.2056
3 0.2578 0.6417 0.075 0.1333
2 0.2703 0.1972 0.1656 0.3889
3 0.3312 0.4889 0.0656 0.1167
3 0.1828 0.3389 0.0594 0.1056
0 0.4922 0.4694 0.075 0.1333
3 0.575 0.0778 0.0844 0.15
0 0.5781 0.3444 0.2906 0.2222
3 0.8922 0.3556 0.0656 0.1167
2 0.1672 0.35 0.3344 0.4389
0 0.8047 0.6417 0.0719 0.1333
2 0.9531 0.35 0.0938 0.2389
2 0.8109 0.1528 0.0906 0.3
2 0.65 0.7583 0.175 0.3444
2 0.1781 0.2222 0.2688 0.2444
3 0.7234 0.9028 0.0844 0.15
1 0.9891 0.2028 0.0219 0.2444
3 0.8172 0.2111 0.0844 0.15