3 0.4969 0.7667 0.075 0.1333
3 0.9531 0.35 0.0594 0.1056
2 0.1047 0.6333 0.1594 0.3944
2 0.1148 0.1444 0.2297 0.2833
2 0.4828 0.3389 0.1344 0.4833
1 0.9836 0.4722 0.0328 0.2556
2 0.9805 0.7722 0.0391 0.3
0 0.0969 0.7639 0.1094 0.1833
0 0.0719 0.2167 0.1438 0.4111
1 0.6469 0.1972 0.1188 0.2111
1 0.6547 0.9 0.1 0.1778
2 0.4875 0.6083 0.1562 0.1944
1 0.9977 0.6167 0.0047 0.1778
0 0.7156 0.4694 0.2156 0.3556
1 0.3281 0.8722 0.1406 0.25
0 0.7188 0.1528 0.2125 0.3
1 0.1688 0.3528 0.1312 0.2333
1 0.1844 0.5028 0.1219 0.2167
1 0.8812 0.9056 0.1031 0.1833
0 0.4891 0.0889 0.075 0.1722
2 0.5734 0.1944 0.1 0.3833
0 0.9367 0.1361 0.1266 0.2667
2 0.4031 0.675 0.1688 0.6444
1 0.3438 0.6083 0.1469 0.2611