1 0.4891 0.1972 0.1312 0.2333
0 0.5781 0.2 0.225 0.3944
3 0.1781 0.4722 0.0719 0.1278
2 0.9156 0.4944 0.1688 0.3556
2 0.9359 0.7778 0.1281 0.2556
0 0.9805 0.7722 0.0391 0.2444
2 0.5047 0.85 0.2031 0.2944
3 0.9961 0.0861 0.0078 0.1667
0 0.2625 0.6361 0.2406 0.3667
2 0.6531 0.2139 0.2406 0.1889
0 0.3312 0.3556 0.0656 0.1389
1 0.7344 0.6389 0.0969 0.1722
2 0.8016 0.6361 0.2906 0.5722
2 0.0438 0.7667 0.0875 0.3111
0 0.1875 0.3639 0.1438 0.2111
2 0.2625 0.8667 0.1281 0.2611
0 0.0328 0.4778 0.0656 0.1444
3 0.4938 0.35 0.0625 0.1111
2 0.1891 0.2667 0.2719 0.5278
3 0.2703 0.7722 0.0688 0.1222
3 0.1062 0.1944 0.0969 0.1722
3 0.957 0.625 0.0859 0.1722
2 0.9312 0.7889 0.1375 0.4167
2 0.7375 0.8028 0.3062 0.3889