3 0.2781 0.7667 0.075 0.1333
3 0.7344 0.35 0.0594 0.1056
2 0.0055 0.1444 0.0109 0.2833
2 0.2641 0.3389 0.1344 0.4833
1 0.8203 0.4722 0.1438 0.2556
2 0.8156 0.7722 0.1469 0.3
0 0.9445 0.7611 0.1109 0.1
1 0.9047 0.9028 0.0969 0.1722
1 0.4281 0.1972 0.1188 0.2111
1 0.4359 0.9 0.1 0.1778
2 0.2688 0.6083 0.1562 0.1944
1 0.8266 0.6167 0.1 0.1778
0 0.8938 0.5028 0.1844 0.3278
0 0.4969 0.4694 0.2156 0.3556
1 0.1094 0.8722 0.1406 0.25
0 0.5 0.1528 0.2125 0.3
1 0.0078 0.3528 0.0156 0.2333
1 0.0133 0.5028 0.0266 0.2167
1 0.6625 0.9056 0.1031 0.1833
0 0.2703 0.0889 0.075 0.1722
2 0.3547 0.1944 0.1 0.3833
0 0.7359 0.1361 0.1625 0.2667
2 0.1844 0.675 0.1688 0.6444
1 0.125 0.6083 0.1469 0.2611