3 0.9281 0.0639 0.0656 0.1167
1 0.5344 0.8972 0.1125 0.2
1 0.3828 0.0917 0.1 0.1778
1 0.0562 0.1028 0.1125 0.2
3 0.8391 0.8972 0.0688 0.1222
2 0.0484 0.2222 0.0969 0.4389
3 0.6969 0.7722 0.0719 0.1278
0 0.9758 0.4972 0.0484 0.2111
2 0.2125 0.5028 0.2188 0.2667
3 0.1438 0.8917 0.075 0.1333
0 0.0258 0.8417 0.0516 0.3111
2 0.0312 0.4722 0.0625 0.2889
0 0.1438 0.2111 0.1531 0.15
2 0.7688 0.775 0.2156 0.3222
0 0.8438 0.6139 0.1531 0.1778
0 0.0242 0.7556 0.0484 0.2333
2 0.2156 0.6167 0.1938 0.3333
3 0.6969 0.1944 0.0938 0.1667
3 0.0625 0.7694 0.0938 0.1667
2 0.0617 0.8389 0.1234 0.3167