1 0.3578 0.1972 0.1312 0.2333
0 0.4469 0.2 0.225 0.3944
3 0.0469 0.4722 0.0719 0.1278
2 0.8359 0.4944 0.2719 0.3556
1 0.9141 0.8861 0.0875 0.1556
2 0.8266 0.7778 0.1719 0.2556
0 0.9062 0.7722 0.1531 0.2444
2 0.3734 0.85 0.2031 0.2944
3 0.9078 0.0861 0.0938 0.1667
0 0.1312 0.6361 0.2406 0.3667
2 0.5219 0.2139 0.2406 0.1889
0 0.2 0.3556 0.0656 0.1389
1 0.9945 0.6222 0.0109 0.2611
1 0.9633 0.3361 0.0734 0.2056
1 0.6031 0.6389 0.0969 0.1722
2 0.6703 0.6361 0.2906 0.5722
0 0.9664 0.7472 0.0672 0.1778
0 0.0641 0.3639 0.1281 0.2111
2 0.1312 0.8667 0.1281 0.2611
3 0.3625 0.35 0.0625 0.1111
2 0.0969 0.2667 0.1938 0.5278
3 0.1391 0.7722 0.0688 0.1222
3 0.0117 0.1944 0.0234 0.1722
3 0.8312 0.625 0.0969 0.1722
2 0.8297 0.7889 0.1969 0.4167
2 0.6062 0.8028 0.3062 0.3889
1 0.9633 0.2111 0.0734 0.2