1 0.7953 0.7722 0.1188 0.2111
0 0.0938 0.0917 0.0688 0.1778
3 0.6375 0.3417 0.0812 0.1444
1 0.0969 0.7556 0.1156 0.2056
3 0.3312 0.9167 0.0688 0.1222
3 0.9922 0.9056 0.0156 0.1667
3 0.025 0.3556 0.05 0.1167
1 0.7234 0.1028 0.1125 0.2
2 0.9656 0.4806 0.0688 0.4833
2 0.9547 0.1111 0.0906 0.2167
2 0.9344 0.6167 0.1312 0.2278
2 0.0922 0.35 0.1219 0.2389
1 0.3172 0.0917 0.1 0.1778
0 0.3219 0.2056 0.0625 0.2889
1 0.9844 0.1972 0.0312 0.2444
1 0.1719 0.2028 0.1375 0.2444
2 0.7156 0.7167 0.3094 0.5611
1 0.4062 0.2167 0.0969 0.1722
1 0.6422 0.0889 0.0969 0.1722
2 0.7875 0.2139 0.1781 0.3111
3 0.5688 0.2 0.0844 0.15