0 0.3906 0.2056 0.15 0.25
3 0.1562 0.075 0.0812 0.1444
3 0.5484 0.5028 0.0906 0.1611
2 0.1594 0.625 0.1594 0.1889
3 0.0797 0.475 0.0688 0.1222
2 0.2516 0.3417 0.2031 0.2944
2 0.4078 0.3361 0.1406 0.4556
2 0.5547 0.2556 0.1594 0.5056
0 0.7047 0.1528 0.1719 0.3
2 0.9359 0.7667 0.1281 0.3111
1 0.2375 0.2056 0.1062 0.1889
0 0.3172 0.7667 0.2125 0.15
1 0.4828 0.1056 0.1156 0.2056
0 0.9406 0.4778 0.0875 0.1444
2 0.9859 0.2667 0.0281 0.5278
3 0.9883 0.1944 0.0234 0.1722
3 0.7859 0.0833 0.0906 0.1611
3 0.4766 0.3306 0.0656 0.1167
2 0.6422 0.3361 0.1344 0.4444
0 0.7891 0.9083 0.1375 0.1556
0 0.6344 0.6361 0.0719 0.2167