3 0.7562 0.225 0.075 0.1333
0 0.525 0.2083 0.2906 0.2222
2 0.2906 0.8444 0.1219 0.3056
1 0.3797 0.3333 0.1375 0.2444
3 0.375 0.9194 0.0875 0.1556
1 0.0648 0.6222 0.1297 0.2611
1 0.4578 0.4972 0.1438 0.2556
3 0.3656 0.2194 0.0906 0.1611
1 0.018 0.3361 0.0359 0.2056
0 0.0195 0.7472 0.0391 0.1778
1 0.2984 0.4889 0.1219 0.2167
2 0.4594 0.1667 0.1406 0.3278
1 0.1344 0.9083 0.0969 0.1722
3 0.5312 0.35 0.0688 0.1222
3 0.2234 0.6111 0.075 0.1333
3 0.3656 0.4861 0.0594 0.1056
1 0.0164 0.2111 0.0328 0.2
0 0.1391 0.1139 0.0906 0.2222
2 0.9875 0.5028 0.025 0.2111
2 0.6156 0.4861 0.1875 0.5222